225777645468853638316485548886687777
225777645468853638316665584888487777
225777645468853638316665587777488884
225777645468853638316665587777848884
225777645468853638316665587777884884
225777645468853638316665587777888484
225777645468853638316665587777888844
225777645468853638316665588488487777
225777645468853638316665588848487777
225777645468853638316665588884487777
225777645468853638316845548886687777
225777645468856338316485548886687777
225777645468856338316665584888487777
225777645468856338316665587777488884
225777645468856338316665587777848884
225777645468856338316665587777884884
225777645468856338316665587777888484
225777645468856338316665587777888844
225777645468856338316665588488487777
225777645468856338316665588848487777
225777645468856338316665588884487777
225777645468856338316845548886687777
226648844547555513687786833886687777
226648844547555513687786868863387777
226648844547555513688776338886687777
226648844547555513688776688863387777
226655554488547413687786833886687777
226655554488547413687786868863387777
226655554488547413688776338886687777
226655554488547413688776688863387777
226655554848547413687786833886687777
226655554848547413687786868863387777
226655554848547413688776338886687777
226655554848547413688776688863387777
226655554884547413687786833886687777
226655554884547413687786868863387777
226655554884547413688776338886687777
226655554884547413688776688863387777
226684844547555513687786833886687777
226684844547555513687786868863387777
226684844547555513688776338886687777
226684844547555513688776688863387777
226688444547555513687786833886687777
226688444547555513687786868863387777
226688444547555513688776338886687777
226688444547555513688776688863387777
226885544673155544677886833886687777
226885544673155544677886868863387777
226885544673155544687786338886687777
226885544673155544687786688863387777
228888445777645468853638316665587777
228888445777645468856338316665587777
244335447265585778168776887675388866
244335744265585778168776887675388866
244335782655574478168776887675388866
244335782655578781677644887675388866
244335782655578781677688767445388866
244335782655578781677688767853886644
244335872655574478168776887675388866
244335872655578781677446887675388866
244335872655578781677644887675388866
244335872655578781677688767445388866
244335872655578781677868767445388866
244443357268555778168776887675388866
244446572855533778168776887675388866
244654472558533778168776887675388866
244657442558533778168776887675388866
244657825553374478168776887675388866
244657825553378781677644887675388866
244657825553378781677688767445388866
244657825553378781677688767853886644
244658725553374478168776887675388866
244658725553378781677446887675388866
244658725553378781677644887675388866
244658725553378781677688767445388866
244658725553378781677868767445388866
245666726413887767884458573673588875
245666726413887767884458576373588875
245666726413887767885448573673588875
245666726413887767885448576373588875
245666726413887767885857367443588875
245666726413887767885857367835887544
245666726413887767885857637443588875
245666726413887767885857637835887544
245666726413887767888557367443588875
245666726413887767888557367835887544
245666726413887767888557637443588875
245666726413887767888557637835887544
245666726413887768874458577363588875
245666726413887768874458577633588875
245666726413887768875448577363588875
245666726413887768875448577633588875
245666726413887768875857736443588875
245666726413887768875857736835887544
245666726413887768875857763443588875
245666726413887768875857763835887544
245666726413887768878557736443588875
245666726413887768878557736835887544
245666726413887768878557763443588875
245666726413887768878557763835887544
