247788263473678153887585887544766665
247788263476378153887585887544766665
247887263477368153887585887544766665
247887263477638153887585887544766665
332445447265585778168776887675388866
332445744265585778168776887675388866
332445782655574478168776887675388866
332445782655578781677644887675388866
332445782655578781677688767445388866
332445782655578781677688767853886644
332445872655574478168776887675388866
332445872655578781677446887675388866
332445872655578781677644887675388866
332445872655578781677688767445388866
332445872655578781677868767445388866
334245447265585778168776887675388866
334245744265585778168776887675388866
334245782655574478168776887675388866
334245782655578781677644887675388866
334245782655578781677688767445388866
334245782655578781677688767853886644
334245872655574478168776887675388866
334245872655578781677446887675388866
334245872655578781677644887675388866
334245872655578781677688767445388866
334245872655578781677868767445388866
334425447265585778168776887675388866
334425744265585778168776887675388866
334425782655574478168776887675388866
334425782655578781677644887675388866
334425782655578781677688767445388866
334425782655578781677688767853886644
334425872655574478168776887675388866
334425872655578781677446887675388866
334425872655578781677644887675388866
334425872655578781677688767445388866
334425872655578781677868767445388866
334468446886862255813786787655587777
334468868684462255813786787655587777
334468868688622551378446787655587777
334468868688622551378867765554487777
334468868688622551378867765558777744
335554476824452778168776887675388866
335554476842452778168776887675388866
335554476844252778168776887675388866
335557446824452778168776887675388866
335557446842452778168776887675388866
335557446844252778168776887675388866
335557862445274478168776887675388866
335557862445278781677644887675388866
335557862445278781677688767445388866
335557862445278781677688767853886644
335557864245274478168776887675388866
335557864245278781677644887675388866
335557864245278781677688767445388866
335557864245278781677688767853886644
335557864425274478168776887675388866
335557864425278781677644887675388866
335557864425278781677688767445388866
335557864425278781677688767853886644
335558762445274478168776887675388866
335558762445278781677446887675388866
335558762445278781677644887675388866
335558762445278781677688767445388866
335558762445278781677868767445388866
335558764245274478168776887675388866
335558764245278781677446887675388866
335558764245278781677644887675388866
335558764245278781677688767445388866
335558764245278781677868767445388866
335558764425274478168776887675388866
335558764425278781677446887675388866
335558764425278781677644887675388866
335558764425278781677688767445388866
335558764425278781677868767445388866
336448446886862255813786787655587777
336448868684462255813786787655587777
336448868688622551378446787655587777
336448868688622551378867765554487777
336448868688622551378867765558777744
336884468644862255813786787655587777
336888664484462255813786787655587777
336888664488622551378446787655587777
336888664488622551378867765554487777
336888664488622551378867765558777744
337744864426655687771785887553288866
337744864426655687876532858875887716
337744868266881776853445287876876555
337744868266881776853852877644876555
337748464426655687771785887553288866
337748464426655687876532858875887716
337784464426655687771785887553288866
337784464426655687876532858875887716
337784468266888578716786735442876555
337788625788857556762447617445388866
337788625788857556762447617853886644
337788626644881776853445287876876555
337788626644881776853852877644876555
337788626655644447771785887553288866
337788626655644447876532858875887716
