337788626655644588817524477775388866
337788626655644744876358258875887716
337788626655644777441788857553882866
337788626655644777817885447553882866
337788626655644788767588855283771644
337788626655644844776532588875887716
337788626655644874476535288875887176
337788626655644877717588447553288866
337788626655644878767588852587371644
337788626655644888665178885257777344
337788626655684477644532588875887716
337788626655684477685325887445887716
337788626655687447644535288875887176
337788626655687447653442858875887716
337788626655687447653828587445887716
337788626655687447653828587544887176
337788626655687447653828587678875144
337788626655687447653828587768871544
337788626655687447685352887445887176
337788626655687447685352887544881776
337788626655687447685352887678875144
337788626655687447685352887768871544
337788626655687771744588447553288866
337788626655687771785448744553288866
337788626655687771785484744553288866
337788626655687771785844744553288866
337788626655687771785887553244886644
337788626655687771785887553248486644
337788626655687771785887553248846644
337788626655687771785887553284486644
337788626655687771785887553284846644
337788626655687771785887553288446644
337788626655687876447588852587371644
337788626655687876532445887445887716
337788626655687876532445887858771644
337788626655687876532854487445887716
337788626655687876532854487858771644
337788626655687876532858447445887716
337788626655687876532858447544887176
337788626655687876532858447678875144
337788626655687876532858447768871544
337788626655687876532858875448771644
337788626655687876532858875844771644
337788626655687876875884452587371644
337788626655688866445178885257777344
337788626655688866851788544257777344
337788626656544888157577744273588866
337788626656588815744577744273588866
337788626684488578716786735442876555
337788626688446685565523881744587777
337788626688446685565523881785777744
337788626688446685567537717445288875
337788626688447678815875376244876555
337788626688447678815875556258737644
337788626688447768815875556528377644
337788626688857844716786735442876555
337788626688857887167445376244876555
337788626688857887167445556258737644
337788626688857887167673544442876555
337788626688857887167673584427655544
337788626688857887167853762447655544
337788626688857887167855562573764444
337887625788857556762447617445388866
337887625788857556762447617853886644
338684468622486455813786787655587777
338684468644862255813786787655587777
338688662248446455813786787655587777
338688662248864551378446787655587777
338688662248864551378867765554487777
338688662248864551378867765558777744
338688664484462255813786787655587777
338688664488622551378446787655587777
338688664488622551378867765554487777
338688664488622551378867765558777744
338774468446865381522655758886687777
338778644684465381522655758886687777
338778644688653152265574458886687777
338778644688653152265578588664487777
338778644688653152265578588668777744
338844668688677655622558813754487777
338844668688677655622558813758777744
338864468688677655622558813754487777
338864468688677655622558813758777744
338868668844677655622558813754487777
338868668844677655622558813758777744
338877644688686655622558813754487777
338877644688686655622558813758777744
338877645588646461355745228886687777
338877664488686655622558813754487777
338877664488686655622558813758777744
338877668886664455622558813754487777
338877668886664455622558813758777744
338877686886662245564558813754487777
338877686886662245564558813758777744
338877686886664455622558813754487777
338877686886664455622558813758777744
338886668844677655622558813754487777
338886668844677655622558813758777744
364457734432728867768878516755588866
364485634457266753287867858875881776
