364557634827264564387867858875881776
364654834457266572387867885875881776
364658434457266572387867885875881776
364675534287265464837867885875881776
364775434423728867768878516755588866
364788347243627754768878516755588866
364788347261655777726454888357588866
364788347261655777726544888537588866
364788347276754472366155788857588866
364788347276887675568548565432881776
364788347276887675568584565432881776
364845634457266753287867858875881776
364878347276887678885431756648276555
364887347216675572776454853887588866
364887347234677254768878516755588866
364887347276457473261655785887588866
364887347276887678885765558341726654
366687388578574577643272761655488884
366687388578574577643272761655848884
366687388578574577643272761655884884
366687388578574577643272761655888484
366687388578574577643272761655888844
366687388578588767748721352454876654
366687388578588767748721352458476654
366687388578588767766721352548487544
366687388578588767766721352548847544
366687388578588767766721352584487544
366687388578588767766721352584847544
366687388578588767774821352454876654
366687388578588767774821352458476654
366687388578588767776621352548487544
366687388578588767776621352548847544
366687388578588767776621352584487544
366687388578588767776621352584847544
366687388578588767778241352454876654
366687388578588767778241352458476654
366687388578588767778421352454876654
366687388578588767778421352458476654
366687388578588767784721352454876654
366687388578588767784721352458476654
366687388578588776774416355628872544
366777348213667245756675588875488884
366777348213667245756675588875848884
366777348213667245756675588875884884
366777348213667245756675588875888484
366777348213667245756675588875888844
366777366213667254875754588875488884
366777366213667254875754588875848884
366777366213667254875754588875884884
366777366213667254875754588875888484
366777366213667254875754588875888844
366777366213667258475754588875488884
366777366213667258475754588875848884
366777366213667258475754588875884884
366777366213667258475754588875888484
366777366213667258475754588875888844
366777382413667245756675588875488884
366777382413667245756675588875848884
366777382413667245756675588875884884
366777382413667245756675588875888484
366777382413667245756675588875888844
366777384213667245756675588875488884
366777384213667245756675588875848884
366777384213667245756675588875884884
366777384213667245756675588875888484
366777384213667245756675588875888844
367776322568854543816485548886687777
367776322568854543816665584888487777
367776322568854543816665587777488884
367776322568854543816665587777848884
367776322568854543816665587777884884
367776322568854543816665587777888484
367776322568854543816665587777888844
367776322568854543816665588488487777
367776322568854543816665588848487777
367776322568854543816665588884487777
367776322568854543816845548886687777
367776345688522543816485548886687777
367776345688522543816665584888487777
367776345688522543816665587777488884
367776345688522543816665587777848884
367776345688522543816665587777884884
367776345688522543816665587777888484
367776345688522543816665587777888844
367776345688522543816665588488487777
367776345688522543816665588848487777
367776345688522543816665588884487777
367776345688522543816845548886687777
367776345688545382216485548886687777
367776345688545382216665584888487777
367776345688545382216665587777488884
367776345688545382216665587777848884
367776345688545382216665587777884884
367776345688545382216665587777888484
367776345688545382216665587777888844
367776345688545382216665588488487777
367776345688545382216665588848487777
367776345688545382216665588884487777
367776345688545382216845548886687777
367776352268854543816485548886687777
