367776352268854543816665584888487777
367776352268854543816665587777488884
367776352268854543816665587777848884
367776352268854543816665587777884884
367776352268854543816665587777888484
367776352268854543816665587777888844
367776352268854543816665588488487777
367776352268854543816665588848487777
367776352268854543816665588884487777
367776352268854543816845548886687777
367776354688522543816485548886687777
367776354688522543816665584888487777
367776354688522543816665587777488884
367776354688522543816665587777848884
367776354688522543816665587777884884
367776354688522543816665587777888484
367776354688522543816665587777888844
367776354688522543816665588488487777
367776354688522543816665588848487777
367776354688522543816665588884487777
367776354688522543816845548886687777
367776354688545382216485548886687777
367776354688545382216665584888487777
367776354688545382216665587777488884
367776354688545382216665587777848884
367776354688545382216665587777884884
367776354688545382216665587777888484
367776354688545382216665587777888844
367776354688545382216665588488487777
367776354688545382216665588848487777
367776354688545382216665588884487777
367776354688545382216845548886687777
368445634457266753287867858875881776
368478347276887678885431756648276555
368487347216675572776454853887588866
368487347234677254768878516755588866
368487347276457473261655785887588866
368487347276887678885765558341726654
368577332724486744768878516755588866
368577332724846744768878516755588866
368577332728446744768878516755588866
368577332728867764487448516755588866
368577332728867764847448516755588866
368577332728867764856485417754588866
368577332728867764865485147754588866
368577332728867764874448561755588866
368577332728867766485448157574588866
368577332728867766485484157574588866
368577332728867766845448157574588866
368577332728867766845484157574588866
368577332728867768447448516755588866
368577332728867768456485417754588866
368577332728867768465485147754588866
368577332728867768474448561755588866
368577332728867768874451675544588866
368577332728867768874451675585886644
368577332728867768878516755544886644
368577332728867768878516755584486644
368577332728867768878516755584846644
368577332728867768878516755588446644
368748347216655777726454888357588866
368748347216655777726544888537588866
368748347261557677726454885387588866
368748347261557688526455438886687777
368766372751665577746548883275488884
368766372751665577746548883275848884
368766372751665577746548883275884884
368766372751665577746548883275888484
368766372751665577746548883275888844
368784347216655777726454888357588866
368784347216655777726544888537588866
368784347261557677726454885387588866
368784347261557688526455438886687777
368847347216675572776454853887588866
368847347234677254768878516755588866
368847347276457473261655785887588866
368847347276887678885765558341726654
368856341727675472776454853887588866
368856357266753244786744858875881776
368856357266753244786788587445881776
368856357266753244786788587858177644
368856357266753287446744858875881776
368856357266753287446788587544881776
368856357266753287867445887445881776
368856357266753287867445887858177644
368856357266753287867854487445881776
368856357266753287867854487858177644
368856357266753287867858447544881776
368856357266753287867858875448177644
368856357266753287867858875844177644
368865314727675472776454853887588866
368874347261675572776454853887588866
424335447265585778168776887675388866
424335744265585778168776887675388866
424335782655574478168776887675388866
424335782655578781677644887675388866
424335782655578781677688767445388866
424335782655578781677688767853886644
424335872655574478168776887675388866
424335872655578781677446887675388866
