424335872655578781677644887675388866
424335872655578781677688767445388866
424335872655578781677868767445388866
424443357268555778168776887675388866
424446572855533778168776887675388866
424654472558533778168776887675388866
424657442558533778168776887675388866
424657825553374478168776887675388866
424657825553378781677644887675388866
424657825553378781677688767445388866
424657825553378781677688767853886644
424658725553374478168776887675388866
424658725553378781677446887675388866
424658725553378781677644887675388866
424658725553378781677688767445388866
424658725553378781677868767445388866
425666726413887767884458573673588875
425666726413887767884458576373588875
425666726413887767885448573673588875
425666726413887767885448576373588875
425666726413887767885857367443588875
425666726413887767885857367835887544
425666726413887767885857637443588875
425666726413887767885857637835887544
425666726413887767888557367443588875
425666726413887767888557367835887544
425666726413887767888557637443588875
425666726413887767888557637835887544
425666726413887768874458577363588875
425666726413887768874458577633588875
425666726413887768875448577363588875
425666726413887768875448577633588875
425666726413887768875857736443588875
425666726413887768875857736835887544
425666726413887768875857763443588875
425666726413887768875857763835887544
425666726413887768878557736443588875
425666726413887768878557736835887544
425666726413887768878557763443588875
425666726413887768878557763835887544
427788263473678153887585887544766665
427788263476378153887585887544766665
427887263477368153887585887544766665
427887263477638153887585887544766665
436457734432278867768878516755588866
436485634452766753287867858875881776
436557634822764564387867858875881776
436654834452766572387867885875881776
436658434452766572387867885875881776
436675534282765464837867885875881776
436775434423278867768878516755588866
436788342743627754768878516755588866
436788342761648545856572358886687777
436788342761655777726454888357588866
436788342761655777726544888537588866
436788342761684545856572358886687777
436788342776754472366155788857588866
436788342776887675568548565432881776
436788342776887675568584565432881776
436845634452766753287867858875881776
436878342776887678885431756648276555
436887342716675572776454853887588866
436887342734677254768878516755588866
436887342776457473261655785887588866
436887342776887678885765558341726654
436887347274576437216655758887588866
442335447265585778168776887675388866
442335744265585778168776887675388866
442335782655574478168776887675388866
442335782655578781677644887675388866
442335782655578781677688767445388866
442335782655578781677688767853886644
442335872655574478168776887675388866
442335872655578781677446887675388866
442335872655578781677644887675388866
442335872655578781677688767445388866
442335872655578781677868767445388866
442443357268555778168776887675388866
442446572855533778168776887675388866
442654472558533778168776887675388866
442657442558533778168776887675388866
442657825553374478168776887675388866
442657825553378781677644887675388866
442657825553378781677688767445388866
442657825553378781677688767853886644
442658725553374478168776887675388866
442658725553378781677446887675388866
442658725553378781677644887675388866
442658725553378781677688767445388866
442658725553378781677868767445388866
443324457268555778168776887675388866
443342457268555778168776887675388866
443344257268555778168776887675388866
443344686886868225513786787655587777
443355576824452778168776887675388866
443355576842452778168776887675388866
443355576844252778168776887675388866
443364486886868225513786787655587777
443368868644868225513786787655587777
443377868266888578716876735442876555
