443386868622486485513786787655587777
443386868644868225513786787655587777
443387768446865381522655758886687777
444243357268555778168776887675388866
444246572855533778168776887675388866
444423357268555778168776887675388866
444426572855533778168776887675388866
444457855513376878767268287675388866
444457855516787833767268287675388866
444458755513376878677268287675388866
444458755513378678677628287675388866
444458755516787833677268287675388866
444458755516787867726833287675388866
444466888668833225513786787655587777
444467788668877683322558137867876555
444477633736675525888257588861688776
444477667367553325888257588861688776
444477685362555786787518886623388776
444477685362555786787518886626887733
444888663337875458176877687262876555
444888663338775458176876787262876555
444888663338775458178676787622876555
444888664578753133876877687262876555
444888664578753168787337687262876555
444888664587753133876876787262876555
444888664587753133878676787622876555
444888664587753168787336787262876555
444888664587753168787678726332876555
444888667333875458716877687262876555
444888667333875458718677687622876555
444888667458753133876877687262876555
444888667458753133878677687622876555
444888667458753168787337687262876555
444888667458753168787678726332876555
445533576824452778168776887675388866
445533576842452778168776887675388866
445533576844252778168776887675388866
445556788767855381332244668886687777
445556788767855381332264468886687777
445556788767855381332266448886687777
445556788767855381332266888664487777
445556788767855381332267788644688776
445556788767855381332267788664488776
445556788767855381332267788668877644
445556788767855381332267788686877644
445556788767855381332268688664487777
445556788767855381332286688664487777
445556788767855381334646228886687777
445556788767855381622446833886687777
445556788767855381622446868863387777
445556788767855381622644833886687777
445556788767855381622644868863387777
445556788767855381622688338664487777
445556788767855381622688686443387777
445556788767855381622868338664487777
445556788767855381622868686443387777
445556788767855381646422833886687777
445556788767855381646422868863387777
445565782445332778168776887675388866
445565784245332778168776887675388866
445565784425332778168776887675388866
445788716788337675562582447675388866
445788716788677556332582447675388866
445788716788852573768446665533288776
445788716788852573768446665562887733
445788857367538885724728876437616665
445788857367538885742728876437616665
445788857367538885756266674134288776
445788857367538885767887244327616665
445788857367538885767887424327616665
445788857367538885767887643716665242
445788857367538885767887643716665422
445788857367538885772428876437166665
445788857367538885774228876437166665
445788857367538885776887244327166665
445788857367538885776887424327166665
445788857637538885724728876437616665
445788857637538885742728876437616665
445788857637538885756266674134288776
445788857637538885767887244327616665
445788857637538885767887424327616665
445788857637538885767887643716665242
445788857637538885767887643716665422
445788857637538885772428876437166665
445788857637538885774228876437166665
445788857637538885776887244327166665
445788857637538885776887424327166665
445887716788337675562582447675388866
445887716788677556332582447675388866
445887857736538885724728876437616665
445887857736538885742728876437616665
445887857736538885756266674134288776
445887857736538885767887244327616665
445887857736538885767887424327616665
445887857736538885767887643716665242
445887857736538885767887643716665422
445887857736538885772428876437166665
445887857736538885774228876437166665
445887857736538885776887244327166665
445887857736538885776887424327166665
