445887857763538885724728876437616665
445887857763538885742728876437616665
445887857763538885756266674134288776
445887857763538885767887244327616665
445887857763538885767887424327616665
445887857763538885767887643716665242
445887857763538885767887643716665422
445887857763538885772428876437166665
445887857763538885774228876437166665
445887857763538885776887244327166665
445887857763538885776887424327166665
446244572855533778168776887675388866
446338868688677655655223881744587777
446338868688677655655223881785777744
446338868688677655675237717445288875
446424572855533778168776887675388866
446442572855533778168776887675388866
446446888336868225513786787655587777
446446888668833225513786787655587777
446447788668877683322558137867876555
446555782445332778168776887675388866
446555784245332778168776887675388866
446555784425332778168776887675388866
446555787446257387687158886633288776
446555787446257387687158886662887733
446555787446788677851268277533388866
446555787867844523372716887675388866
446555787867844526727183387675388866
446555787867844526727186877533388866
446555787867867447851268277533388866
446555787867867875126824477533388866
446644888336868225513786787655587777
446644888668833225513786787655587777
446684488668332255813786787655587777
446688332752638787678144587876876555
446688332752638787678185877644876555
446688332776556447771785887553288866
446688332776556447876532858875887716
446688332776556588817524477775388866
446688332776556744876358258875887716
446688332776556777441788857553882866
446688332776556777817885447553882866
446688332776556788767588855283771644
446688332776556844776532588875887716
446688332776556874476535288875887176
446688332776556877717588447553288866
446688332776556878767588852587371644
446688332776556888665178885257777344
446688332776565888157577744273588866
446688332776886685565523881744587777
446688332776886685565523881785777744
446688332776886685567537717445288875
446688332776887678815875376244876555
446688332776887678815875556258737644
446688332776887768815875556528377644
446688445785565881773362777725388866
446688445785565881776277733725388866
446688445785565881776788672832773653
446688445785565881776788672832776353
446688627523873387678144587876876555
446688627523873387678185877644876555
446688627755633447771785887553288866
446688627755633447876532858875887716
446688627755633588817524477775388866
446688627755633744876358258875887716
446688627755633777441788857553882866
446688627755633777817885447553882866
446688627755633788767588855283771644
446688627755633844776532588875887716
446688627755633874476535288875887176
446688627755633877717588447553288866
446688627755633878767588852587371644
446688627755633888665178885257777344
446688627756533888157577744273588866
446688627788336685565523881744587777
446688627788336685565523881785777744
446688627788336685567537717445288875
446688627788337678815875376244876555
446688627788337678815875556258737644
446688627788337768815875556528377644
446688627788668335565523881744587777
446688627788668335565523881785777744
446688627788668335567537717445288875
446688833644868225513786787655587777
446688857553356822581366448877687777
446688857556544881773362777725388866
446688857556544881776277733725388866
446688857556544881776788672832773653
446688857556544881776788672832776353
446688857556582258331366448877687777
446688857556582258613644833877687777
446688857556582258613644868773387777
446688863388677655655223881744587777
446688863388677655655223881785777744
446688863388677655675237717445288875
446688866448833225513786787655587777
446688866844332255813786787655587777
446688866883322551378446787655587777
446688866883322551378867765554487777
446688866883322551378867765558777744
