446688866887733655655223881744587777
446688866887733655655223881785777744
446688866887733655675237717445288875
446688866887765563355223881744587777
446688866887765563355223881785777744
446688866887765563375237717445288875
446688875333764485228717687867876555
446688875333768852271764487867876555
446688875333768852271768876744876555
446688875333786877615284427867876555
446688875367447133265576788675288875
446688875367447162655733788672588875
446688875367447162655758887523388776
446688875367447162655758887526887733
446688875367447162655767887332588875
446688875367447162655773388675288875
446688875367447162655776887335288875
446688875367447162655785887533288776
446688875367447162655785887562887733
446688875367887337615284427867876555
446688875367887671528443327867876555
446688875367887678876715244338276555
446688875367887678876715244682755533
446688875367887678876715332448276555
446688875367887678876715334248276555
446688875367887678876715334428276555
446688875367887678876715335587652442
446688875367887678876715335587654242
446688875367887678876715335587654422
446688875367887678876715424338276555
446688875367887678876715424682755533
446688875367887678876715442338276555
446688875367887678876715442682755533
446688875367887678876715553387652442
446688875367887678876715553387654242
446688875367887678876715553387654422
446688875367887678876715556875244332
446688875367887678876715556875424332
446688875367887678876715556875442332
446688875367887678876715624482755533
446688875367887678876715642482755533
446688875367887678876715644282755533
446688875367887678876715655875244332
446688875367887678876715655875424332
446688875367887678876715655875442332
446688875376447133267556788675288875
446688875376447162675533788672588875
446688875376447162675558887523388776
446688875376447162675558887526887733
446688875376447162675567887332588875
446688875376447162675573388675288875
446688875376447162675576887335288875
446688875376447162675585887533288776
446688875376447162675585887562887733
446774483565552788767158886633288776
446774483565552788767158886662887733
446774488668778683322558137867876555
446778445178885787687675326528836653
446778445178885787687675326528863653
446778445187885786782236553656388776
446778445187885786782236556356388776
446778833266888578716876735442876555
446778851788544787687675326528836653
446778851788544787687675326528863653
446778851878544786782236553656388776
446778851878544786782236556356388776
446778866844778683322558137867876555
446778866887768443322558137867876555
446778866887768833225513786744876555
446778866887768833225513786787655544
446778868338677877686886422735515554
446778868687733877686886422735515554
446787445187885258677386556623388776
446787445187885258677386556626887733
446787851878544258677386556623388776
446787851878544258677386556626887733
446868833622486485513786787655587777
446868833644868225513786787655587777
446868866224848335513786787655587777
446868866448833225513786787655587777
446877628338626837485146688857777555
446877833446865381522655758886687777
446877863388668868642273855174777555
446877863388677877686886422735515554
446877864468538331522655758886687777
446877864468538615225573358886687777
446877866844877683322558137867876555
446877866886833868642273855174777555
446877866887733877686886422735515554
446883368688677665555223188744587777
446883368688677665555223188785777744
446886863388677665555223188744587777
446886863388677665555223188785777744
446886866887733665555223188744587777
446886866887733665555223188785777744
446886866887766553355223188744587777
446886866887766553355223188785777744
447447685365255776887158886633288776
447447685365255776887158886662887733
447524433268555718768767887673588866
