447524462855533718768767887673588866
447533244268555718768767887673588866
447533424268555718768767887673588866
447533442268555718768767887673588866
447533556852447218768767887673588866
447533556854247218768767887673588866
447533556854427218768767887673588866
447542433268555718768767887673588866
447542462855533718768767887673588866
447544233268555718768767887673588866
447544262855533718768767887673588866
447555336852447218768767887673588866
447555336854247218768767887673588866
447555336854427218768767887673588866
447555684476523788677518886623388776
447555684476523788677518886626887733
447555684476527376887158886633288776
447555684476527376887158886662887733
447555684476788767815628727333588866
447555685244337218768767887673588866
447555685424337218768767887673588866
447555685442337218768767887673588866
447555688767854433272617887673588866
447555688767854462721783387673588866
447555688767854462721786877333588866
447555688767876447815628727333588866
447555688767876871562874427333588866
447562442855533718768767887673588866
447564242855533718768767887673588866
447564422855533718768767887673588866
447565585244337218768767887673588866
447565585424337218768767887673588866
447565585442337218768767887673588866
447655587867835583312244668886687777
447655587867835583312264468886687777
447655587867835583312266448886687777
447655587867835583312266888664487777
447655587867835583312268688664487777
447655587867835583312277688644688776
447655587867835583312277688664488776
447655587867835583312277688668877644
447655587867835583312277688686877644
447655587867835583312286688664487777
447655587867835583314646228886687777
447655587867835586122446833886687777
447655587867835586122446868863387777
447655587867835586122644833886687777
447655587867835586122644868863387777
447655587867835586122688338664487777
447655587867835586122688686443387777
447655587867835586122868338664487777
447655587867835586122868686443387777
447655587867835586144622833886687777
447655587867835586144622868863387777
447687441587885788767637562528863653
447687441587885788767637562528866353
447687815878544788767637562528863653
447687815878544788767637562528866353
447687815878587876447637562528863653
447687815878587876447637562528866353
447687815878587876537673355628866244
447687815878587876537676552883366244
447733868662888758176875556528377644
447744653862555767887518886623388776
447744653862555767887518886626887733
447744688686877685522338317876876555
447764453862555767887518886623388776
447764453862555767887518886626887733
447764488686877685522338317876876555
447768441578885788763226365565388776
447768441578885788763226635565388776
447768441587885788677635762588263653
447768441587885788677635762588266353
447768531528887588776633775568826644
447768531528887588776644665533288776
447768531528887588776644665562887733
447768531528887588776666445523388776
447768531528887588776666445526887733
447768531528887588776667755883326644
447768531528887588776677335568866244
447768531528887588776677655883366244
447768536255544767887518886623388776
447768536255544767887518886626887733
447768536255587678744518886623388776
447768536255587678744518886626887733
447768536255587678785188664423388776
447768536255587678785188664426887733
447768536255587678785188668233877644
447768536255587678785188668268774433
447768815788544788763226365565388776
447768815788544788763226635565388776
447768815788587876443226365565388776
447768815788587876443226635565388776
447768815878544788677635762588263653
447768815878544788677635762588266353
447768815878587867447635762588263653
447768815878587867447635762588266353
447768833662888758176875556528377644
447768868644877685522338317876876555
447777446688857556332768817553288866
