447777446688857556627881733553288866
447777532588447858861686556623388776
447777532588447858861686556626887733
447777532588875884461686556623388776
447777532588875884461686556626887733
447777532588875888616655337768826644
447777532588875888616655446633288776
447777532588875888616655446662887733
447777532588875888616655664423388776
447777532588875888616655664426887733
447777532588875888616655677883326644
447777532588875888616655773368866244
447777532588875888616655776883366244
447777833446868868622558137867876555
447777833644868868622558137867876555
447777833688686448622558137867876555
447777833868686224864558137867876555
447777833868686448622558137867876555
447777833877684468653815226557588866
447777844668886683322558137867876555
447777855567887675538813322446688866
447777855567887675538813322644688866
447777855567887675538813322664488866
447777855567887675538813322668886644
447777855567887675538813322686886644
447777855567887675538813322866886644
447777855567887675538813346462288866
447777855567887675538816224463388866
447777855567887675538816224466888633
447777855567887675538816226443388866
447777855567887675538816226446888633
447777855567887675538816226833886644
447777855567887675538816226868864433
447777855567887675538816228633886644
447777855567887675538816228668864433
447777855567887675538816464223388866
447777855567887675538816464226888633
447777857885531622553344668886688776
447777857885531622553364468886688776
447777857885531622553368688664488776
447777857885531622553377688446688866
447777857885531622553377688644688866
447777857885531622553377688686886644
447777857885531622553377688866886644
447777857885531622553386688664488776
447777857885531622556446888336688776
447777857885531622556446888663388776
447777857885531622556446888666887733
447777857885531622556644888336688776
447777857885531622556644888663388776
447777857885531622556644888666887733
447777857885531622556688833664488776
447777857885531622556688866443388776
447777857885531622556688866446887733
447777857885531622556778833446688866
447777857885531622556778833644688866
447777857885531622556778833686886644
447777857885531622556778833866886644
447777857885531622556778864463388866
447777857885531622556778864466888633
447777857885531622556778866443388866
447777857885531622556778866446888633
447777857885531622556778866833886644
447777857885531622556778866868864433
447777857885531622556778868633886644
447777857885531622556778868668864433
447777857885531622556868833664488776
447777857885531622556868866443388776
447777857885531622556868866446887733
447777857885531645533646228886688776
447777857885531645566422888336688776
447777857885531645566422888663388776
447777857885531645566422888666887733
447777858875531622335544668886688776
447777858875531622335564468886688776
447777858875531622335568688664488776
447777858875531622335577688446688866
447777858875531622335577688644688866
447777858875531622335577688664488866
447777858875531622335577688668886644
447777858875531622335577688686886644
447777858875531622335577688866886644
447777858875531622335586688664488776
447777858875531622655446888336688776
447777858875531622655446888663388776
447777858875531622655446888666887733
447777858875531622655644888336688776
447777858875531622655644888663388776
447777858875531622655644888666887733
447777858875531622655688833664488776
447777858875531622655688866443388776
447777858875531622655688866446887733
447777858875531622655778833446688866
447777858875531622655778833644688866
447777858875531622655778833664488866
447777858875531622655778833668886644
447777858875531622655778833686886644
447777858875531622655778833866886644
447777858875531622655778864463388866
447777858875531622655778864466888633
