447777858875531622655778866443388866
447777858875531622655778866446888633
447777858875531622655778866833886644
447777858875531622655778866868864433
447777858875531622655778868633886644
447777858875531622655778868668864433
447777858875531622655868833664488776
447777858875531622655868866443388776
447777858875531622655868866446887733
447777858875531624455668886623388776
447777858875531624455668886626887733
447777858875531628553366887768826644
447777858875531628556688337768826644
447777858875531628556688446633288776
447777858875531628556688446662887733
447777858875531628556688664423388776
447777858875531628556688664426887733
447777858875531628556688677883326644
447777858875531628556688773368866244
447777858875531628556688776883366244
447777858875531643355646228886688776
447777858875531646556422888336688776
447777858875531646556422888663388776
447777858875531646556422888666887733
447777858875531662255644888336688776
447777858875531662255644888663388776
447777858875531662255644888666887733
447777858875531664556422888336688776
447777858875531664556422888663388776
447777858875531664556422888666887733
447777864468883368622558137867876555
447777864468886683322558137867876555
447777866448883368622558137867876555
447777866448886683322558137867876555
447777866884457556332768817553288866
447777866884457556627881733553288866
447777866888336448622558137867876555
447777866888575533568225813664488776
447777866888575565822583313664488776
447777866888575565822586136443388776
447777866888575565822586136446887733
447777866888664483322558137867876555
447777868688336224864558137867876555
447777868688336448622558137867876555
447777868688662248433558137867876555
447777868688664483322558137867876555
447777868778334468653815226557588866
447777868778644685333815226557588866
447777868778644685368152255733588866
447777876555878673558833122446688866
447777876555878673558833122644688866
447777876555878673558833122664488866
447777876555878673558833122668886644
447777876555878673558833122686886644
447777876555878673558833122866886644
447777876555878673558833146462288866
447777876555878673558861224463388866
447777876555878673558861224466888633
447777876555878673558861226443388866
447777876555878673558861226446888633
447777876555878673558861226833886644
447777876555878673558861226868864433
447777876555878673558861228633886644
447777876555878673558861228668864433
447777876555878673558861446223388866
447777876555878673558861446226888633
447777877833686448635851226755588866
447777877868336448635851226755588866
447777877868664483533851226755588866
447777877868664483568512275553388866
447777884463368868655228317876876555
447777884466886338655228317876876555
447777884466886685522338317876876555
447777886443368868655228317876876555
447777886446886338655228317876876555
447777886446886685522338317876876555
447777886644886685522338317876876555
447777886688664483322558137867876555
447777886688668445522338317876876555
447777886833686842264558317876876555
447777886833686844655228317876876555
447777886868633842264558317876876555
447777886868633844655228317876876555
447777886868668422455338317876876555
447777886868668445522338317876876555
447777888633686844655228317876876555
447777888668633844655228317876876555
447777888668668445522338317876876555
447777888668753355658852231664488776
447777888668756555885223331664488776
447777888668756555885226316443388776
447777888668756555885226316446887733
447783368644863585122675558886687777
447786536255544767887518886623388776
447786536255544767887518886626887733
447786833644863585122675558886687777
447786866448358335122675558886687777
447786866448358651227555338886687777
447786868644877685522338317876876555
448337768266888578716876555258773644
