448365634452767653287867858875887176
448446336886868552231787687655587777
448446688633868552231787687655587777
448446688668855223331787687655587777
448635634452767653287867858875887176
448644336886868552231787687655587777
448644688633868552231787687655587777
448644688668855223331787687655587777
448664488668855223331787687655587777
448668447565585188733767772273588866
448668447565585188767777233273588866
448668447565585188767887673827723653
448668447565585188767887673827726353
448668866448833225513786787655587777
448668866844855223331787687655587777
448677833266888578716876555258773644
448677866844877683322558137867876555
448683368684226485531787687655587777
448683368684468552231787687655587777
448686863384226485531787687655587777
448686863384468552231787687655587777
448686866842248553331787687655587777
448686866844855223331787687655587777
448773364466265581777788857355888266
448773364466265587876358582875881776
448773368662888758176875376244876555
448776443366265581777788857355888266
448776443366265587876358582875881776
448776446365655338782267858875881776
448776446635655338782267858875881776
448776833662888758176875376244876555
448863368684468552231787687655587777
448866442557883587777861556623388776
448866442557883587777861556626887733
448866442557883733661557528886687777
448866442557883766155733528886687777
448866445777732332767885861557588866
448866445777732627788335861557588866
448866857733344682578271687876876555
448866857733368877625184427876876555
448866857733386825727164487876876555
448866857733386825727168877644876555
448866857763887337625184427876876555
448866857763887672518334427876876555
448866857763887678867751244338726555
448866857763887678867751244687255533
448866857763887678867751332448726555
448866857763887678867751334248726555
448866857763887678867751334428726555
448866857763887678867751335587652442
448866857763887678867751335587654242
448866857763887678867751335587654422
448866857763887678867751424338726555
448866857763887678867751424687255533
448866857763887678867751442338726555
448866857763887678867751442687255533
448866857763887678867751553387652442
448866857763887678867751553387654242
448866857763887678867751553387654422
448866857763887678867751556875244332
448866857763887678867751556875424332
448866857763887678867751556875442332
448866857763887678867751624487255533
448866857763887678867751642487255533
448866857763887678867751644287255533
448866857763887678867751655875244332
448866857763887678867751655875424332
448866857763887678867751655875442332
448866863384468552231787687655587777
448866866844855223331787687655587777
448866875335565885223166448877687777
448866875655588522333166448877687777
448866875655588522631644833877687777
448866875655588522631644868773387777
457668432165557858873643884772688776
457668432165557858874363884727688776
457668432165557858874633884727688776
457668432165557858876343884772688776
457668432165557858876788767488273643
457668432165557858876788767488276343
457668432165557858876788767848273643
457668432165557858876788767848276343
457668432165557858876788767884273643
457668432165557858876788767884276343
457668432165557858877688767882473643
457668432165557858877688767882476343
457736434432728876767885861557588866
457743634432278876767885861557588866
457746334432278876767885861557588866
457763434432728876767885861557588866
457767432656577518273675388848488866
457767432656577518273675388866488884
457767432656577518273675388866848884
457767432656577518273675388866884884
457767432656577518273675388866888484
457767432656577518273675388866888844
457767432656577518273675388884488866
457767432656577518276375388848488866
457767432656577518276375388866488884
457767432656577518276375388866848884
