457767432656577518276375388866884884
457767432656577518276375388866888484
457767432656577518276375388866888844
457767432656577518276375388884488866
457767432688774236788435861557588866
457767432688774263788435861557588866
457776225468853638316485548886687777
457776225468853638316665584888487777
457776225468853638316665587777488884
457776225468853638316665587777848884
457776225468853638316665587777884884
457776225468853638316665587777888484
457776225468853638316665587777888844
457776225468853638316665588488487777
457776225468853638316665588848487777
457776225468853638316665588884487777
457776225468853638316845548886687777
457776225468856338316485548886687777
457776225468856338316665584888487777
457776225468856338316665587777488884
457776225468856338316665587777848884
457776225468856338316665587777884884
457776225468856338316665587777888484
457776225468856338316665587777888844
457776225468856338316665588488487777
457776225468856338316665588848487777
457776225468856338316665588884487777
457776225468856338316845548886687777
457776432688772436788435861557588866
457776432688772463788435861557588866
457776456885223638316485548886687777
457776456885223638316665584888487777
457776456885223638316665587777488884
457776456885223638316665587777848884
457776456885223638316665587777884884
457776456885223638316665587777888484
457776456885223638316665587777888844
457776456885223638316665588488487777
457776456885223638316665588848487777
457776456885223638316665588884487777
457776456885223638316845548886687777
457776456885226338316485548886687777
457776456885226338316665584888487777
457776456885226338316665587777488884
457776456885226338316665587777848884
457776456885226338316665587777884884
457776456885226338316665587777888484
457776456885226338316665587777888844
457776456885226338316665588488487777
457776456885226338316665588848487777
457776456885226338316665588884487777
457776456885226338316845548886687777
457776456885454381366853888226687777
457776456885454381367753877688822866
457776456885454381386653882286687777
457776456885454381636853888226687777
457776456885454381637753877688822866
457776456885454381663853888226687777
463457734432278867768878516755588866
463485634452766753287867858875881776
463557634822764564387867858875881776
463654834452766572387867885875881776
463658434452766572387867885875881776
463675534282765464837867885875881776
463775434423278867768878516755588866
463788342743627754768878516755588866
463788342761648545856572358886687777
463788342761655777726454888357588866
463788342761655777726544888537588866
463788342761684545856572358886687777
463788342776754472366155788857588866
463788342776887675568548565432881776
463788342776887675568584565432881776
463845634452766753287867858875881776
463878342776887678885431756648276555
463887342716675572776454853887588866
463887342734677254768878516755588866
463887342776457473261655785887588866
463887342776887678885765558341726654
463887347274576437216655758887588866
466354834452766572387867885875881776
466358434452766572387867885875881776
466375534282765464837867885875881776
466488224547555513687786833886687777
466488224547555513687786868863387777
466488224547555513688776338886687777
466488224547555513688776688863387777
466555522488547413687786833886687777
466555522488547413687786868863387777
466555522488547413688776338886687777
466555522488547413688776688863387777
466555522848547413687786833886687777
466555522848547413687786868863387777
466555522848547413688776338886687777
466555522848547413688776688863387777
466555522884547413687786833886687777
466555522884547413687786868863387777
466555522884547413688776338886687777
466555522884547413688776688863387777
466587414283768786746528757363588875
