466848224547555513687786833886687777
466848224547555513687786868863387777
466848224547555513688776338886687777
466848224547555513688776688863387777
466884224547555513687786833886687777
466884224547555513687786868863387777
466884224547555513688776338886687777
466884224547555513688776688863387777
467775456588458343166853888226687777
467775456588458343167753877688882266
467775456588458343186653882286687777
467775456588458431366853888226687777
467775456588458431367753877688882266
467775456588458431386653882286687777
467775456588458431636853888226687777
467775456588458431637753877688882266
467775456588458431663853888226687777
467775456588458777734831668538882266
467775456588458777734831866538822866
467775456588458777743813668538882266
467775456588458777743813866538822866
467775456588458777743816368538882266
467775456588458777743816638538882266
468855224673155544677886833886687777
468855224673155544677886868863387777
468855224673155544687786338886687777
468855224673155544687786688863387777
473688347216557677726454885387588866
473688347216557688526455438886687777
476388347216557677726454885387588866
476388347216557688526455438886687777
478836342716557677276544883587588866
478863342716557677276544883587588866
483777342136676625756675588875488884
483777342136676625756675588875848884
483777342136676625756675588875884884
483777342136676625756675588875888484
483777342136676625756675588875888844
484365634452767653287867858875887176
484635634452767653287867858875887176
484668447565585188733767772273588866
484668447565585188767777233273588866
484668447565585188767887673827723653
484668447565585188767887673827726353
484773364466265581777788857355888266
484773364466265587876358582875881776
484776443366265581777788857355888266
484776443366265587876358582875881776
484776446365655338782267858875881776
484776446635655338782267858875881776
484866442557883587777861556623388776
484866442557883587777861556626887733
484866442557883733661557528886687777
484866442557883766155733528886687777
484866445777732332767885861557588866
484866445777732627788335861557588866
485366434456727563288767588875887716
485487445775663227168878578858736663
485487445775663227168878578858763663
485487445775663227168878578858766363
485487445775663227168878578858766633
485487445775663228366673588875887716
485487445775663228636673588875887716
485487445775663228663673588875887716
485487445775663228666373588875887716
485636434456727563288767588875887716
485643634456277563288767588875887716
485646334456277563288767588875887716
485663434456727563288767588875887716
485667454877532427168878578858736663
485667454877532427168878578858763663
485667454877532427168878578858766363
485667454877532427168878578858766633
485667454877532428366673588875887716
485667454877532428636673588875887716
485667454877532428663673588875887716
485667454877532428666373588875887716
485667454877534227168878578858736663
485667454877534227168878578858763663
485667454877534227168878578858766363
485667454877534227168878578858766633
485667454877534228366673588875887716
485667454877534228636673588875887716
485667454877534228663673588875887716
485667454877534228666373588875887716
485667454877536836672432588875887716
485667454877536836674232588875887716
485667454877536863672432588875887716
485667454877536863674232588875887716
485667454877536866372432588875887716
485667454877536866374232588875887716
485667456677532482836743588875887716
485667456677532482863743588875887716
485667456677532842836743588875887716
485667456677532842863743588875887716
485667458477532427168878578858736663
485667458477532427168878578858763663
485667458477532427168878578858766363
485667458477532427168878578858766633
485667458477532428366673588875887716
