485667458477532428636673588875887716
485667458477532428663673588875887716
485667458477532428666373588875887716
485676456677532824836743588875887716
485676456677532824863743588875887716
485748445775663227168878578858736663
485748445775663227168878578858763663
485748445775663227168878578858766363
485748445775663227168878578858766633
485748445775663228366673588875887716
485748445775663228636673588875887716
485748445775663228663673588875887716
485748445775663228666373588875887716
485766454877532427168878578858736663
485766454877532427168878578858763663
485766454877532427168878578858766363
485766454877532427168878578858766633
485766454877532428366673588875887716
485766454877532428636673588875887716
485766454877532428663673588875887716
485766454877532428666373588875887716
485766456677532248836743588875887716
485766456677532248863743588875887716
485766456677532284836743588875887716
485766456677532284863743588875887716
485766458477532427168878578858736663
485766458477532427168878578858763663
485766458477532427168878578858766363
485766458477532427168878578858766633
485766458477532428366673588875887716
485766458477532428636673588875887716
485766458477532428663673588875887716
485766458477532428666373588875887716
485784445775663227168878578858736663
485784445775663227168878578858763663
485784445775663227168878578858766363
485784445775663227168878578858766633
485784445775663228366673588875887716
485784445775663228636673588875887716
485784445775663228663673588875887716
485784445775663228666373588875887716
485847445775663227168878578858736663
485847445775663227168878578858763663
485847445775663227168878578858766363
485847445775663227168878578858766633
485847445775663228366673588875887716
485847445775663228636673588875887716
485847445775663228663673588875887716
485847445775663228666373588875887716
486657458476627288673481757363588875
486657458476627288673481757633588875
487368347216675525886545483886687777
487368347216675527776544835887588866
487377342173666625757665588875488884
487377342173666625757665588875848884
487377342173666625757665588875884884
487377342173666625757665588875888484
487377342173666625757665588875888844
487548445766572321788675888758736663
487548445766572321788675888758763663
487548445766572321788675888758766363
487548445766572321788675888758766633
487548445766572328366673885875881776
487548445766572328636673885875881776
487548445766572328663673885875881776
487548445766572328666373885875881776
487557482163667325886545483886687777
487557482163667327776544835887588866
487557482166367325886545483886687777
487557482166367327776544835887588866
487584445766572321788675888758736663
487584445766572321788675888758763663
487584445766572321788675888758766363
487584445766572321788675888758766633
487584445766572328366673885875881776
487584445766572328636673885875881776
487584445766572328663673885875881776
487584445766572328666373885875881776
487638347216675525886545483886687777
487638347216675527776544835887588866
487665458476627278863481753673588875
487665458476627278863481756373588875
487665458476627288763481757363588875
487665458476627288763481757633588875
487755428136667325886545483886687777
487755428136667327776544835887588866
487755428163667325886545483886687777
487755428163667327776544835887588866
487755428166367325886545483886687777
487755428166367327776544835887588866
487755428754664238366673885875881776
487755428754664238636673885875881776
487755428754664238663673885875881776
487755428754664238666373885875881776
487836342716675525886545483886687777
487836342716675527776544835887588866
487836342761755627776454358887588866
487836342761755627776544538887588866
487863342716675525886545483886687777
487863342716675527776544835887588866
