487863342761755627776454358887588866
487863342761755627776544538887588866
488226644745555531677886833886687777
488226644745555531677886868863387777
488226644745555531687786338886687777
488226644745555531687786688863387777
488466422745555531677886833886687777
488466422745555531677886868863387777
488466422745555531687786338886687777
488466422745555531687786688863387777
488466442557883587777861556623388776
488466442557883587777861556626887733
488466442557883733661557528886687777
488466442557883766155733528886687777
488466445777732332767885861557588866
488466445777732627788335861557588866
488547413646555526277886833886687777
488547413646555526277886868863387777
488547413646555526287786338886687777
488547413646555526287786688863387777
488556437678836461355745228886687777
488556437678863461355745228886687777
488622644745555531677886833886687777
488622644745555531677886868863387777
488622644745555531687786338886687777
488622644745555531687786688863387777
488646422745555531677886833886687777
488646422745555531677886868863387777
488646422745555531687786338886687777
488646422745555531687786688863387777
488662244745555531677886833886687777
488662244745555531677886868863387777
488662244745555531687786338886687777
488662244745555531687786688863387777
488664422745555531677886833886687777
488664422745555531677886868863387777
488664422745555531687786338886687777
488664422745555531687786688863387777
488745431622655554677886833886687777
488745431622655554677886868863387777
488745431622655554687786338886687777
488745431622655554687786688863387777
488745431646555522677886833886687777
488745431646555522677886868863387777
488745431646555522687786338886687777
488745431646555522687786688863387777
488745431662255554677886833886687777
488745431662255554677886868863387777
488745431662255554687786338886687777
488745431662255554687786688863387777
488745431664555522677886833886687777
488745431664555522677886868863387777
488745431664555522687786338886687777
488745431664555522687786688863387777
488882245777645468853638316665587777
488882245777645468856338316665587777
488884225777645468853638316665587777
488884225777645468856338316665587777
488884366687388578574577643272761655
488884366777348213667245756675588875
488884366777366213667254875754588875
488884366777366213667258475754588875
488884366777382413667245756675588875
488884366777384213667245756675588875
488884367776322568854543816665587777
488884367776345688522543816665587777
488884367776345688545382216665587777
488884367776352268854543816665587777
488884367776354688522543816665587777
488884367776354688545382216665587777
488884368766372751665577746548883275
488884457767432656577518273675388866
488884457767432656577518276375388866
488884457776225468853638316665587777
488884457776225468856338316665587777
488884457776456885223638316665587777
488884457776456885226338316665587777
488884483777342136676625756675588875
488884487377342173666625757665588875
488884522777645468853638316665587777
488884522777645468856338316665587777
488884547776225468853638316665587777
488884547776225468856338316665587777
488884547776456885223638316665587777
488884547776456885226338316665587777
488884588875775485457666632277173663
488884588875775485457666632277176363
488884588875775485457666632277176633
488884588875775665548766324277173663
488884588875775665548766324277176363
488884588875775665548766324277176633
488884588875775665548766342277173663
488884588875775665548766342277176363
488884588875775665548766342277176633
488884588875775665566766322487717343
488884588875775665566766322847717343
488884588875775665574866324277173663
488884588875775665576666322487717343
488884588875775665576666322847717343
488884588875775665578466324277173663
