488884588875775665584766324277173663
488884588875775665584766324277176363
488884588875775665584766324277176633
488884588875775845457666632277173663
488884588875775845457666632277176363
488884588875775845457666632277176633
488884636687388578574577643272761655
488884636777348213667245756675588875
488884636777366213667254875754588875
488884636777366213667258475754588875
488884636777382413667245756675588875
488884636777384213667245756675588875
488884637776322568854543816665587777
488884637776345688522543816665587777
488884637776345688545382216665587777
488884637776352268854543816665587777
488884637776354688522543816665587777
488884637776354688545382216665587777
488884638766372751665577746548883275
488884655677721634277548588758736663
488884655677721634277548588758763663
488884655677721634277548588758766363
488884655677721634277548588758766633
488884663687388578574577643272761655
488884663777348213667245756675588875
488884663777366213667254875754588875
488884663777366213667258475754588875
488884663777382413667245756675588875
488884663777384213667245756675588875
488884664776457618555388223665387777
488884664776457618555388226365387777
488884664776457618555388226635387777
488884666387388578574577643272761655
488884666576122577665538488354387777
488884666576122577665538848354387777
488884666576122577665538884354387777
488884667377348217366245757665588875
488884667377384217366245757665588875
488884667836357276156547776543888725
488884667863357276156547776543888725
488884668887578365372761556432777654
488884668887578635372761556432777654
488884675666221677556583488354387777
488884675666221677556583848354387777
488884675666221677556583884354387777
488884677466467558155832283665387777
488884677466467558155832286365387777
488884677466467558155832286635387777
488884677722545645883683366615587777
488884677722545645886383366615587777
488884677736362255884583466615587777
488884677736364558822583466615587777
488884677736364558845832266615587777
488884677736365225884583466615587777
488884677736365458822583466615587777
488884677736365458845832266615587777
488884677745225645883683366615587777
488884677745225645886383366615587777
488884677745456588223683366615587777
488884677745456588226383366615587777
488884677752245645883683366615587777
488884677752245645886383366615587777
488884677754225645883683366615587777
488884677754225645886383366615587777
488884677754456588223683366615587777
488884677754456588226383366615587777
488884677763362255884583466615587777
488884677763364558822583466615587777
488884677763364558845832266615587777
488884677763365225884583466615587777
488884677763365458822583466615587777
488884677763365458845832266615587777
488884736668388578577457643277261655
488884736677348217366245757665588875
488884736677366217366254875754588875
488884736677366217366258475754588875
488884736677382417366245757665588875
488884736677384217366245757665588875
488884748377342173666625757665588875
488884758882354776745676575182766363
488884758882354776745676575182766633
488884758885775485457666632277713663
488884758885775485457666632277716363
488884758885775485457666632277716633
488884758885775665574866324277713663
488884758885775665574866324277716363
488884758885775665574866324277716633
488884758885775665574866342277713663
488884758885775665574866342277716363
488884758885775665574866342277716633
488884758885775665576666322487771343
488884758885775665576666322847771343
488884758885775665578466324277713663
488884758885775665578466324277716363
488884758885775665578466324277716633
488884758885775845457666632277713663
488884758885775845457666632277716363
488884758885775845457666632277716633
488884763668388578577457643277261655
488884763677348217366245757665588875
