488884763677366217366254875754588875
488884763677366217366258475754588875
488884763677382417366245757665588875
488884763677384217366245757665588875
488884765567127436727545888758736663
488884765567127436727545888758763663
488884765567127436727545888758766363
488884765567127436727545888758766633
488884765567721634727548578858736663
488884765567721634727548578858763663
488884765567721634727548578858766363
488884765567721634727548578858766633
488884766368388578577457643277261655
488884766377348217366245757665588875
488884766377366217366254875754588875
488884766377366217366258475754588875
488884766377382417366245757665588875
488884766377384217366245757665588875
488884766638388578577457643277261655
488884767754423675657281573673588866
488884767754423675657281576373588866
488884773487341266372665576675588875
488884773667312486637254576675588875
488884773667312666637254857754588875
488884773667312666637258457754588875
488884773667312846637254576675588875
488884773667314286637254576675588875
488884773748341266372665576675588875
488884773766312486637254576675588875
488884773766312846637254576675588875
488884773784341266372665576675588875
488884773847341266372665576675588875
488884776367312486637254576675588875
488884776367312666637254857754588875
488884776367312666637258457754588875
488884776367312846637254576675588875
488884776367314286637254576675588875
488884776556127436772545878858736663
488884776556127436772545878858763663
488884776556127436772545878858766363
488884776556127436772545878858766633
488884776637312486637254576675588875
488884776637312666637254857754588875
488884776637312666637258457754588875
488884776637312846637254576675588875
488884776637314286637254576675588875
488884777348341276632665577665588875
488884777366312487663254577665588875
488884777366312667663254857754588875
488884777366312667663258457754588875
488884777366312847663254577665588875
488884777366314287663254577665588875
488884777384341276632665577665588875
488884777636312487663254577665588875
488884777636312667663254857754588875
488884777636312667663258457754588875
488884777636312847663254577665588875
488884777636314287663254577665588875
488884777663312487663254577665588875
488884777663312667663254857754588875
488884777663312667663258457754588875
488884777663312847663254577665588875
488884777663314287663254577665588875
488884777785488383453776565227666165
488884777785566682251883456547773663
488884777785566682251883456547776363
488884777785566683618833562254777654
488884777785566683618833564577722654
488884777785566683618833564577746522
488884777785566683618833565224777654
488884777785566683618833565477722654
488884777785566683618833565477746522
488884777785566684518832256547773663
488884777785566684518832256547776363
488884777785566684518834565227773663
488884777785566684518834565227776363
488884777785566685221883456547773663
488884777785566685221883456547776363
488884777785566685418832256547773663
488884777785566685418832256547776363
488884777785566685418834565227773663
488884777785566685418834565227776363
488884777785566686318833562254777654
488884777785566686318833564577722654
488884777785566686318833564577746522
488884777785566686318833565224777654
488884777785566686318833565477722654
488884777785566686318833565477746522
488884777785836683522837556541776664
488884777785848383453776565227666165
488884777785863683522837556541776664
488884777785866383522837556541776664
488884777785884383453776565227666165
488884783666358878575476742372761655
488884784377342173666625757665588875
488884786366358878575476742372761655
488884786636358878575476742372761655
488884786663358878575476742372761655
488884788855748575457666623271773663
488884788855748575457666623271776363
