488884788855748575457666623271776633
488884788855766575548766423271776633
488884788855766575566766234827177343
488884788855766575566766238427177343
488884788855766575574866423271773663
488884788855766575574866423271776363
488884788855766575574866423271776633
488884788855766575576666234827177343
488884788855766575576666238427177343
488884788855766575578466243271773663
488884788855766575578466243271776363
488884788855766575578466243271776633
488884788855766575578466423271773663
488884788855766575578466423271776363
488884788855766575578466423271776633
488884788855766575584766423271776633
488884788855784575457666623271773663
488884788855784575457666623271776363
488884788855784575457666623271776633
488884836667358878554776742327761655
488884843777342136676625756675588875
488884847377342173666625757665588875
488884863667358878554776742327761655
488884866367358878554776742327761655
488884866637358878554776742327761655
488884877773488583453677655722616665
488884877773668583538225765514776664
488884877773848583453677655722616665
488884877773884583453677655722616665
488884877776368583538225765514776664
488884877776638583538225765514776664
488884877776665581225388465547776363
488884877776665581225388465547776633
488884877776665581363883652254777654
488884877776665581363883654577762254
488884877776665581363883654577764522
488884877776665581363883655224777654
488884877776665581363883655477762254
488884877776665581363883655477764522
488884877776665581453886522547776363
488884877776665581453886522547776633
488884877776665581453886545227776363
488884877776665581453886545227776633
488884877776665581522388465547776363
488884877776665581522388465547776633
488884877776665581543886522547776363
488884877776665581543886522547776633
488884877776665581543886545227776363
488884877776665581543886545227776633
488884877776665581633883652254777654
488884877776665581633883654577762254
488884877776665581633883654577764522
488884877776665581633883655224777654
488884877776665581633883655477762254
488884877776665581633883655477764522
488884888573245767745675675281736663
488884888573245767745675675281763663
488884888575748575457666623217773663
488884888575748575457666623217776363
488884888575748575457666623217776633
488884888575766575548766423217773663
488884888575766575548766423217776363
488884888575766575548766423217776633
488884888575766575566766234821777343
488884888575766575566766238421777343
488884888575766575584766243217773663
488884888575766575584766243217776363
488884888575766575584766243217776633
488884888575766575584766423217773663
488884888575766575584766423217776363
488884888575766575584766423217776633
488884888575784575457666623217773663
488884888575784575457666623217776363
488884888575784575457666623217776633
488884888665736873577216655347772654
488884888665763873577216655347772654
522335556317844768758844668886687777
522335556317844768758864468886687777
522335556317844768758866448886687777
522335556317844768758866888664487777
522335556317844768758867788644688776
522335556317844768758867788664488776
522335556317844768758867788668877644
522335556317844768758867788686877644
522335556317844768758868688664487777
522335556317844768758886688664487777
522335556317887675884444668886687777
522335556317887675884464468886687777
522335556317887675884466448886687777
522335556317887675884466888664487777
522335556317887675884467788644688776
522335556317887675884467788664488776
522335556317887675884467788668877644
522335556317887675884467788686877644
522335556317887675884468688664487777
522335556317887675884486688664487777
522777645468853638316485548886687777
522777645468853638316665584888487777
522777645468853638316665587777488884
522777645468853638316665587777848884
