522777645468853638316665587777884884
522777645468853638316665587777888484
522777645468853638316665587777888844
522777645468853638316665588488487777
522777645468853638316665588848487777
522777645468853638316665588884487777
522777645468853638316845548886687777
522777645468856338316485548886687777
522777645468856338316665584888487777
522777645468856338316665587777488884
522777645468856338316665587777848884
522777645468856338316665587777884884
522777645468856338316665587777888484
522777645468856338316665587777888844
522777645468856338316665588488487777
522777645468856338316665588848487777
522777645468856338316665588884487777
522777645468856338316845548886687777
533755824737551486886266448877688776
533755824737551488686266448877688776
533755824737551488866266448877688776
536688341772576477726454885387588866
536688341772576488526455438886687777
544788173376887675562582447675388866
544788176788337675562582447675388866
544788176788677556332582447675388866
544788176788852573768446665533288776
544788176788852573768446665562887733
544788857367538885724728876437616665
544788857367538885742728876437616665
544788857367538885756266674134288776
544788857367538885767887244327616665
544788857367538885767887424327616665
544788857367538885767887643716665242
544788857367538885767887643716665422
544788857367538885772428876437166665
544788857367538885774228876437166665
544788857367538885776887244327166665
544788857367538885776887424327166665
544788857637538885724728876437616665
544788857637538885742728876437616665
544788857637538885756266674134288776
544788857637538885767887244327616665
544788857637538885767887424327616665
544788857637538885767887643716665242
544788857637538885767887643716665422
544788857637538885772428876437166665
544788857637538885774228876437166665
544788857637538885776887244327166665
544788857637538885776887424327166665
544887173376887675562582447675388866
544887176788337675562582447675388866
544887176788677556332582447675388866
544887625276667467884318573673588875
544887625276667467884318576373588875
544887625276667468874318577363588875
544887625276667468874318577633588875
544887857736538885724728876437616665
544887857736538885742728876437616665
544887857736538885756266674134288776
544887857736538885767887244327616665
544887857736538885767887424327616665
544887857736538885767887643716665242
544887857736538885767887643716665422
544887857736538885772428876437166665
544887857736538885774228876437166665
544887857736538885776887244327166665
544887857736538885776887424327166665
544887857763538885724728876437616665
544887857763538885742728876437616665
544887857763538885756266674134288776
544887857763538885767887244327616665
544887857763538885767887424327616665
544887857763538885767887643716665242
544887857763538885767887643716665422
544887857763538885772428876437166665
544887857763538885774228876437166665
544887857763538885776887244327166665
544887857763538885776887424327166665
547488134622655554687786833886687777
547488134622655554687786868863387777
547488134622655554688776338886687777
547488134622655554688776688863387777
547488134646555562287786833886687777
547488134646555562287786868863387777
547488134646555562288776338886687777
547488134646555562288776688863387777
547488134662255554687786833886687777
547488134662255554687786868863387777
547488134662255554688776338886687777
547488134662255554688776688863387777
547488134664555562287786833886687777
547488134664555562287786868863387777
547488134664555562288776338886687777
547488134664555562288776688863387777
547555513648822644687786833886687777
547555513648822644687786868863387777
547555513648822644688776338886687777
547555513648822644688776688863387777
547555513648846462287786833886687777
