547555513648846462287786868863387777
547555513648846462288776338886687777
547555513648846462288776688863387777
547555513648862244687786833886687777
547555513648862244687786868863387777
547555513648862244688776338886687777
547555513648862244688776688863387777
547555513648864462287786833886687777
547555513648864462287786868863387777
547555513648864462288776338886687777
547555513648864462288776688863387777
547555513684822644687786833886687777
547555513684822644687786868863387777
547555513684822644688776338886687777
547555513684822644688776688863387777
547555513684846462287786833886687777
547555513684846462287786868863387777
547555513684846462288776338886687777
547555513684846462288776688863387777
547555513684862244687786833886687777
547555513684862244687786868863387777
547555513684862244688776338886687777
547555513684862244688776688863387777
547555513684864462287786833886687777
547555513684864462287786868863387777
547555513684864462288776338886687777
547555513684864462288776688863387777
547555513688422644687786833886687777
547555513688422644687786868863387777
547555513688422644688776338886687777
547555513688422644688776688863387777
547555513688446462287786833886687777
547555513688446462287786868863387777
547555513688446462288776338886687777
547555513688446462288776688863387777
547555513688462244687786833886687777
547555513688462244687786868863387777
547555513688462244688776338886687777
547555513688462244688776688863387777
547555513688464462287786833886687777
547555513688464462287786868863387777
547555513688464462288776338886687777
547555513688464462288776688863387777
547776225468853638316485548886687777
547776225468853638316665584888487777
547776225468853638316665587777488884
547776225468853638316665587777848884
547776225468853638316665587777884884
547776225468853638316665587777888484
547776225468853638316665587777888844
547776225468853638316665588488487777
547776225468853638316665588848487777
547776225468853638316665588884487777
547776225468853638316845548886687777
547776225468856338316485548886687777
547776225468856338316665584888487777
547776225468856338316665587777488884
547776225468856338316665587777848884
547776225468856338316665587777884884
547776225468856338316665587777888484
547776225468856338316665587777888844
547776225468856338316665588488487777
547776225468856338316665588848487777
547776225468856338316665588884487777
547776225468856338316845548886687777
547776456885223638316485548886687777
547776456885223638316665584888487777
547776456885223638316665587777488884
547776456885223638316665587777848884
547776456885223638316665587777884884
547776456885223638316665587777888484
547776456885223638316665587777888844
547776456885223638316665588488487777
547776456885223638316665588848487777
547776456885223638316665588884487777
547776456885223638316845548886687777
547776456885226338316485548886687777
547776456885226338316665584888487777
547776456885226338316665587777488884
547776456885226338316665587777848884
547776456885226338316665587777884884
547776456885226338316665587777888484
547776456885226338316665587777888844
547776456885226338316665588488487777
547776456885226338316665588848487777
547776456885226338316665588884487777
547776456885226338316845548886687777
547848134622655554687786833886687777
547848134622655554687786868863387777
547848134622655554688776338886687777
547848134622655554688776688863387777
547848134646555562287786833886687777
547848134646555562287786868863387777
547848134646555562288776338886687777
547848134646555562288776688863387777
547848134662255554687786833886687777
547848134662255554687786868863387777
547848134662255554688776338886687777
547848134662255554688776688863387777
547848134664555562287786833886687777
