547848134664555562287786868863387777
547848134664555562288776338886687777
547848134664555562288776688863387777
547884134622655554687786833886687777
547884134622655554687786868863387777
547884134622655554688776338886687777
547884134622655554688776688863387777
547884134646555562287786833886687777
547884134646555562287786868863387777
547884134646555562288776338886687777
547884134646555562288776688863387777
547884134662255554687786833886687777
547884134662255554687786868863387777
547884134662255554688776338886687777
547884134662255554688776688863387777
547884134664555562287786833886687777
547884134664555562287786868863387777
547884134664555562288776338886687777
547884134664555562288776688863387777
552268846473155544687786833886687777
552268846473155544687786868863387777
552268846473155544688776338886687777
552268846473155544688776688863387777
553354476824452778168776887675388866
553354476842452778168776887675388866
553354476844252778168776887675388866
553357446824452778168776887675388866
553357446842452778168776887675388866
553357446844252778168776887675388866
553357862445274478168776887675388866
553357862445278781677644887675388866
553357862445278781677688767445388866
553357862445278781677688767853886644
553357864245274478168776887675388866
553357864245278781677644887675388866
553357864245278781677688767445388866
553357864245278781677688767853886644
553357864425274478168776887675388866
553357864425278781677644887675388866
553357864425278781677688767445388866
553357864425278781677688767853886644
553358762445274478168776887675388866
553358762445278781677446887675388866
553358762445278781677644887675388866
553358762445278781677688767445388866
553358762445278781677868767445388866
553358764245274478168776887675388866
553358764245278781677446887675388866
553358764245278781677644887675388866
553358764245278781677688767445388866
553358764245278781677868767445388866
553358764425274478168776887675388866
553358764425278781677446887675388866
553358764425278781677644887675388866
553358764425278781677688767445388866
553358764425278781677868767445388866
554688226473155544687786833886687777
554688226473155544687786868863387777
554688226473155544688776338886687777
554688226473155544688776688863387777
554778137425558336886266448877688776
554778137425558338686266448877688776
554778137425558338866266448877688776
555337824683155486868266448877687777
555337824773155486886266448877688776
555337824773155488686266448877688776
555337824773155488866266448877688776
555337824863155486868266448877687777
555475513884622644677886833886687777
555475513884622644677886868863387777
555475513884622644687786338886687777
555475513884622644687786688863387777
555475513884646422677886833886687777
555475513884646422677886868863387777
555475513884646422687786338886687777
555475513884646422687786688863387777
555475513884662244677886833886687777
555475513884662244677886868863387777
555475513884662244687786338886687777
555475513884662244687786688863387777
555475513884662286778446833886687777
555475513884662286778446868863387777
555475513884662286778644833886687777
555475513884662286778644868863387777
555475513884662286778688338664487777
555475513884662286778688686443387777
555475513884662286778778338644688776
555475513884662286778778338664488776
555475513884662286778778338668877644
555475513884662286778778338686877644
555475513884662286778778684463388776
555475513884662286778778686443388776
555475513884662286778778686833877644
555475513884662286778778688633877644
555475513884662286778868338664487777
555475513884662286778868686443387777
555475513884662286877446338886687777
555475513884662286877446688863387777
555475513884662286877644338886687777
555475513884662286877644688863387777
