555475513884662286877683388664487777
555475513884662286877686886443387777
555475513884662286877773388644688776
555475513884662286877773388664488776
555475513884662286877773388668877644
555475513884662286877773388686877644
555475513884662286877776884463388776
555475513884662286877776886443388776
555475513884662286877776886833877644
555475513884662286877776888633877644
555475513884662286877863388664487777
555475513884662286877866886443387777
555475513884664422677886833886687777
555475513884664422677886868863387777
555475513884664422687786338886687777
555475513884664422687786688863387777
555475513886464462277886833886687777
555475513886464462277886868863387777
555475513886464462287786338886687777
555475513886464462287786688863387777
555522664488745431677886833886687777
555522664488745431677886868863387777
555522664488745431687786338886687777
555522664488745431687786688863387777
555522664848745431677886833886687777
555522664848745431677886868863387777
555522664848745431687786338886687777
555522664848745431687786688863387777
555522664884745431677886833886687777
555522664884745431677886868863387777
555522664884745431687786338886687777
555522664884745431687786688863387777
555546622488745431677886833886687777
555546622488745431677886868863387777
555546622488745431687786338886687777
555546622488745431687786688863387777
555546622848745431677886833886687777
555546622848745431677886868863387777
555546622848745431687786338886687777
555546622848745431687786688863387777
555546622884745431677886833886687777
555546622884745431677886868863387777
555546622884745431687786338886687777
555546622884745431687786688863387777
555554713488646426277886833886687777
555554713488646426277886868863387777
555554713488646426287786338886687777
555554713488646426287786688863387777
555554713648822644687786833886687777
555554713648822644687786868863387777
555554713648822644688776338886687777
555554713648822644688776688863387777
555554713648846462287786833886687777
555554713648846462287786868863387777
555554713648846462288776338886687777
555554713648846462288776688863387777
555554713648862244687786833886687777
555554713648862244687786868863387777
555554713648862244688776338886687777
555554713648862244688776688863387777
555554713648864462287786833886687777
555554713648864462287786868863387777
555554713648864462288776338886687777
555554713648864462288776688863387777
555554713684822644687786833886687777
555554713684822644687786868863387777
555554713684822644688776338886687777
555554713684822644688776688863387777
555554713684846462287786833886687777
555554713684846462287786868863387777
555554713684846462288776338886687777
555554713684846462288776688863387777
555554713684862244687786833886687777
555554713684862244687786868863387777
555554713684862244688776338886687777
555554713684862244688776688863387777
555554713684864462287786833886687777
555554713684864462287786868863387777
555554713684864462288776338886687777
555554713684864462288776688863387777
555554713688422644687786833886687777
555554713688422644687786868863387777
555554713688422644688776338886687777
555554713688422644688776688863387777
555554713688428668877688446633287777
555554713688446462287786833886687777
555554713688446462287786868863387777
555554713688446462288776338886687777
555554713688446462288776688863387777
555554713688462244687786833886687777
555554713688462244687786868863387777
555554713688462244688776338886687777
555554713688462244688776688863387777
555554713688464462287786833886687777
555554713688464462287786868863387777
555554713688464462288776338886687777
555554713688464462288776688863387777
555554713774822644687786883386688776
555554713774822644687786886863388776
555554713774822644688776833886688776
