555554713774822644688776868863388776
555554713774822644867786883386688776
555554713774822644867786886863388776
555554713774822644868776833886688776
555554713774822644868776868863388776
555554713774846422687786883386688776
555554713774846422687786886863388776
555554713774846422688776833886688776
555554713774846422688776868863388776
555554713774846422867786883386688776
555554713774846422867786886863388776
555554713774846422868776833886688776
555554713774846422868776868863388776
555554713774862244687786883386688776
555554713774862244687786886863388776
555554713774862244688776833886688776
555554713774862244688776868863388776
555554713774862244867786883386688776
555554713774862244867786886863388776
555554713774862244868776833886688776
555554713774862244868776868863388776
555554713774864422687786883386688776
555554713774864422687786886863388776
555554713774864422688776833886688776
555554713774864422688776868863388776
555554713774864422867786883386688776
555554713774864422867786886863388776
555554713774864422868776833886688776
555554713774864422868776868863388776
555554713778422644687786883386688776
555554713778422644687786886863388776
555554713778422644688776833886688776
555554713778422644688776868863388776
555554713778422644867786883386688776
555554713778422644867786886863388776
555554713778422644868776833886688776
555554713778422644868776868863388776
555554713778428668877688446633288776
555554713778428686877688446633288776
555554713778446422687786883386688776
555554713778446422687786886863388776
555554713778446422688776833886688776
555554713778446422688776868863388776
555554713778446422867786883386688776
555554713778446422867786886863388776
555554713778446422868776833886688776
555554713778446422868776868863388776
555554713778462244687786883386688776
555554713778462244687786886863388776
555554713778462244688776833886688776
555554713778462244688776868863388776
555554713778462244867786883386688776
555554713778462244867786886863388776
555554713778462244868776833886688776
555554713778462244868776868863388776
555554713778464422687786883386688776
555554713778464422687786886863388776
555554713778464422688776833886688776
555554713778464422688776868863388776
555554713778464422867786883386688776
555554713778464422867786886863388776
555554713778464422868776833886688776
555554713778464422868776868863388776
555554713848646426277886833886687777
555554713848646426277886868863387777
555554713848646426287786338886687777
555554713848646426287786688863387777
555554713864822644687786833886687777
555554713864822644687786868863387777
555554713864822644688776338886687777
555554713864822644688776688863387777
555554713864846462287786833886687777
555554713864846462287786868863387777
555554713864846462288776338886687777
555554713864846462288776688863387777
555554713864862244687786833886687777
555554713864862244687786868863387777
555554713864862244688776338886687777
555554713864862244688776688863387777
555554713864864462287786833886687777
555554713864864462287786868863387777
555554713864864462288776338886687777
555554713864864462288776688863387777
555554713868422644687786833886687777
555554713868422644687786868863387777
555554713868422644688776338886687777
555554713868422644688776688863387777
555554713868428668877688446633287777
555554713868446462287786833886687777
555554713868446462287786868863387777
555554713868446462288776338886687777
555554713868446462288776688863387777
555554713868462244687786833886687777
555554713868462244687786868863387777
555554713868462244688776338886687777
555554713868462244688776688863387777
555554713868464462287786833886687777
555554713868464462287786868863387777
555554713868464462288776338886687777
555554713868464462288776688863387777
