555554713884646426277886833886687777
555554713884646426277886868863387777
555554713884646426287786338886687777
555554713884646426287786688863387777
555554713886422644688776338886687777
555554713886422644688776688863387777
555554713886428668877688446633287777
555554713886446462288776338886687777
555554713886446462288776688863387777
555554713886462244688776338886687777
555554713886462244688776688863387777
555554713886464462288776338886687777
555554713886464462288776688863387777
555562264488745431677886833886687777
555562264488745431677886868863387777
555562264488745431687786338886687777
555562264488745431687786688863387777
555562264848745431677886833886687777
555562264848745431677886868863387777
555562264848745431687786338886687777
555562264848745431687786688863387777
555562264884745431677886833886687777
555562264884745431677886868863387777
555562264884745431687786338886687777
555562264884745431687786688863387777
555564622488745431677886833886687777
555564622488745431677886868863387777
555564622488745431687786338886687777
555564622488745431687786688863387777
555564622848745431677886833886687777
555564622848745431677886868863387777
555564622848745431687786338886687777
555564622848745431687786688863387777
555564622884745431677886833886687777
555564622884745431677886868863387777
555564622884745431687786338886687777
555564622884745431687786688863387777
555566224488745431677886833886687777
555566224488745431677886868863387777
555566224488745431687786338886687777
555566224488745431687786688863387777
555566224848745431677886833886687777
555566224848745431677886868863387777
555566224848745431687786338886687777
555566224848745431687786688863387777
555566224884745431677886833886687777
555566224884745431677886868863387777
555566224884745431687786338886687777
555566224884745431687786688863387777
555566422488745431677886833886687777
555566422488745431677886868863387777
555566422488745431687786338886687777
555566422488745431687786688863387777
555566422848745431677886833886687777
555566422848745431677886868863387777
555566422848745431687786338886687777
555566422848745431687786688863387777
555566422884745431677886833886687777
555566422884745431677886868863387777
555566422884745431687786338886687777
555566422884745431687786688863387777
555574531488622644677886833886687777
555574531488622644677886868863387777
555574531488622644687786338886687777
555574531488622644687786688863387777
555574531488646422677886833886687777
555574531488646422677886868863387777
555574531488646422687786338886687777
555574531488646422687786688863387777
555574531488662244677886833886687777
555574531488662244677886868863387777
555574531488662244687786338886687777
555574531488662244687786688863387777
555574531488664422677886833886687777
555574531488664422677886868863387777
555574531488664422687786338886687777
555574531488664422687786688863387777
555574531848622644677886833886687777
555574531848622644677886868863387777
555574531848622644687786338886687777
555574531848622644687786688863387777
555574531848646422677886833886687777
555574531848646422677886868863387777
555574531848646422687786338886687777
555574531848646422687786688863387777
555574531848662244677886833886687777
555574531848662244677886868863387777
555574531848662244687786338886687777
555574531848662244687786688863387777
555574531848664422677886833886687777
555574531848664422677886868863387777
555574531848664422687786338886687777
555574531848664422687786688863387777
555574531884622644677886833886687777
555574531884622644677886868863387777
555574531884622644687786338886687777
555574531884622644687786688863387777
555574531884646422677886833886687777
555574531884646422677886868863387777
555574531884646422687786338886687777
