555574531884646422687786688863387777
555574531884662244677886833886687777
555574531884662244677886868863387777
555574531884662244687786338886687777
555574531884662244687786688863387777
555574531884664422677886833886687777
555574531884664422677886868863387777
555574531884664422687786338886687777
555574531884664422687786688863387777
555588866367447868752887678733172644
555588866367447868752887733687176244
555588866367447868752887768713376244
555588866367878675244887678733172644
555588866367878675244887733687176244
555588866367878675244887768713376244
555674488767553881332244668886687777
555674488767553881332264468886687777
555674488767553881332266448886687777
555674488767553881332266888664487777
555674488767553881332267788644688776
555674488767553881332267788664488776
555674488767553881332267788668877644
555674488767553881332267788686877644
555674488767553881332268688664487777
555674488767553881332286688664487777
555674488767553881334646228886687777
555674488767553881622446338886687777
555674488767553881622446688863387777
555674488767553881622644338886687777
555674488767553881622644688863387777
555674488767553881622683388664487777
555674488767553881622686886443387777
555674488767553881622863388664487777
555674488767553881622866886443387777
555674488767553881646422338886687777
555674488767553881646422688863387777
555678876744553881332244668886687777
555678876744553881332264468886687777
555678876744553881332266448886687777
555678876744553881332266888664487777
555678876744553881332267788644688776
555678876744553881332267788664488776
555678876744553881332267788668877644
555678876744553881332267788686877644
555678876744553881332268688664487777
555678876744553881332286688664487777
555678876744553881334646228886687777
555678876744553881622446338886687777
555678876744553881622446688863387777
555678876744553881622644338886687777
555678876744553881622644688863387777
555678876744553881622683388664487777
555678876744553881622686886443387777
555678876744553881622863388664487777
555678876744553881622866886443387777
555678876744553881646422338886687777
555678876744553881646422688863387777
555678876785538133224444668886687777
555678876785538133224464468886687777
555678876785538133224466448886687777
555678876785538133224466888664487777
555678876785538133224467788644688776
555678876785538133224467788664488776
555678876785538133224467788668877644
555678876785538133224467788686877644
555678876785538133224468688664487777
555678876785538133224486688664487777
555678876785538133228446688664487777
555678876785538133228446688668777744
555678876785538133228644688664487777
555678876785538133228644688668777744
555678876785538133228664488664487777
555678876785538133228664488668777744
555678876785538133228668866444487777
555678876785538133228668866844777744
555678876785538133228677864444688776
555678876785538133228677864464488776
555678876785538133228677864468877644
555678876785538133228677864486877644
555678876785538133228677866444488776
555678876785538133228677866448877644
555678876785538133228677866844877644
555678876785538133228677866887764444
555678876785538133228677868446877644
555678876785538133228677868644877644
555678876785538133228677868687764444
555678876785538133228677868867764444
555678876785538133228686866444487777
555678876785538133228686866844777744
555678876785538133228866866444487777
555678876785538133228866866844777744
555678876785538133444646228886687777
555678876785538133486462288664487777
555678876785538133486462288668777744
555678876785538162244446338886687777
555678876785538162244446688863387777
555678876785538162244644338886687777
555678876785538162244644688863387777
555678876785538162244683388664487777
555678876785538162244686886443387777
