555678876785538162244863388664487777
555678876785538162244866886443387777
555678876785538162284463388664487777
555678876785538162284463388668777744
555678876785538162284466886443387777
555678876785538162284466886833777744
555678876785538162286443388664487777
555678876785538162286443388668777744
555678876785538162286446886443387777
555678876785538162286446886833777744
555678876785538162286833866444487777
555678876785538162286833866844777744
555678876785538162286868644443387777
555678876785538162286868684433777744
555678876785538162288633866444487777
555678876785538162288633866844777744
555678876785538162288668644443387777
555678876785538162288668684433777744
555678876785538164446422338886687777
555678876785538164446422688863387777
555678876785538164864223388664487777
555678876785538164864223388668777744
555678876785538164864226886443387777
555678876785538164864226886833777744
555687786726278867715854733344488866
555687786726278867715854733366888444
555687786726278867733853715444488866
555687786726278867733853715466888444
555768786726278876715857433344488866
555768786726278876715857433366888444
555768786726278876733857315444488866
555768786726278876733857315466888444
555777874755138468226446338886688776
555777874755138468226446688863388776
555777874755138468464226338886688776
555777874755138468464226688863388776
555777874755138468622446338886688776
555777874755138468622446688863388776
555777874755138468622863388644688776
555777874755138468622863388664488776
555777874755138468622863388668877644
555777874755138468622863388686877644
555777874755138468622866884463388776
555777874755138468622866886443388776
555777874755138468622866886833877644
555777874755138468622866888633877644
555777874755138468644226338886688776
555777874755138468644226688863388776
555777874755138648644622338886688776
555777874755138648644622688863388776
555777875226644887454316338886688776
555777875226644887454316688863388776
555777875226648487454316338886688776
555777875226648487454316688863388776
555777875466224887454316338886688776
555777875466224887454316688863388776
555777875466228487454316338886688776
555777875466228487454316688863388776
555777875547134868464262338886688776
555777875547134868464262688863388776
555777875547138468464262338886688776
555777875547138468464262688863388776
555777875622644887454316338886688776
555777875622644887454316688863388776
555777875622648487454316338886688776
555777875622648487454316688863388776
555777875646224887454316338886688776
555777875646224887454316688863388776
555777875646228487454316338886688776
555777875646228487454316688863388776
555777875662244887454316338886688776
555777875662244887454316688863388776
555777875662248487454316338886688776
555777875662248487454316688863388776
555777875664224887454316338886688776
555777875664224887454316688863388776
555777875664228487454316338886688776
555777875664228487454316688863388776
555777875745314868226446338886688776
555777875745314868226446688863388776
555777875745314868464226338886688776
555777875745314868464226688863388776
555777875745314868622446338886688776
555777875745314868622446688863388776
555777875745314868644226338886688776
555777875745314868644226688863388776
555777875745318468226446338886688776
555777875745318468226446688863388776
555777875745318468464226338886688776
555777875745318468464226688863388776
555777875745318468622446338886688776
555777875745318468622446688863388776
555777875745318468644226338886688776
555777875745318468644226688863388776
555777875886687458431686833268776244
555786786733226788767857315444488866
555786786733226788767857315466888444
555786786762278833767853715444488866
555786786762278833767853715466888444
555786786762278867715854733344488866
