555786786762278867715854733366888444
555786786762278867733853715444488866
555786786762278867733853715466888444
555786786762278873367857315444488866
555786786762278873367857315466888444
555786786762278876715857433344488866
555786786762278876715857433366888444
555786786762278876733857315444488866
555786786762278876733857315466888444
555867786733226788767853715444488866
555867786733226788767853715466888444
555867786762278833767853715444488866
555867786762278833767853715466888444
555867786762278867715854733344488866
555867786762278867715854733366888444
555867786762278867733853715444488866
555867786762278867733853715466888444
556228846473155544687786833886687777
556228846473155544687786868863387777
556228846473155544688776338886687777
556228846473155544688776688863387777
556488226473155544687786833886687777
556488226473155544687786868863387777
556488226473155544688776338886687777
556488226473155544688776688863387777
556544782445332778168776887675388866
556544784245332778168776887675388866
556544784425332778168776887675388866
556574482445332778168776887675388866
556574484245332778168776887675388866
556574484425332778168776887675388866
556578244533274478168776887675388866
556578244533278781677644887675388866
556578244533278781677688767445388866
556578244533278781677688767853886644
556578424533274478168776887675388866
556578424533278781677644887675388866
556578424533278781677688767445388866
556578424533278781677688767853886644
556578442533274478168776887675388866
556578442533278781677644887675388866
556578442533278781677688767445388866
556578442533278781677688767853886644
556587244533274478168776887675388866
556587244533278781677446887675388866
556587244533278781677644887675388866
556587244533278781677688767445388866
556587244533278781677868767445388866
556587424533274478168776887675388866
556587424533278781677446887675388866
556587424533278781677644887675388866
556587424533278781677688767445388866
556587424533278781677868767445388866
556587442533274478168776887675388866
556587442533278781677446887675388866
556587442533278781677644887675388866
556587442533278781677688767445388866
556587442533278781677868767445388866
557335842737155486886266448877688776
557335842737155488686266448877688776
557335842737155488866266448877688776
557366434826724564388767588875887716
557455531468846422687786833886687777
557455531468846422687786868863387777
557455531468846422688776338886687777
557455531468846422688776688863387777
557455531648822644687786833886687777
557455531648822644687786868863387777
557455531648822644688776338886687777
557455531648822644688776688863387777
557455531648822686778446833886687777
557455531648822686778446868863387777
557455531648822686778644833886687777
557455531648822686778644868863387777
557455531648822686778688338664487777
557455531648822686778688686443387777
557455531648822686778778338644688776
557455531648822686778778338664488776
557455531648822686778778338668877644
557455531648822686778778338686877644
557455531648822686778778684463388776
557455531648822686778778686443388776
557455531648822686778778686833877644
557455531648822686778778688633877644
557455531648822686778868338664487777
557455531648822686778868686443387777
557455531648822686877446338886687777
557455531648822686877446688863387777
557455531648822686877644338886687777
557455531648822686877644688863387777
557455531648822686877683388664487777
557455531648822686877686886443387777
557455531648822686877773388644688776
557455531648822686877773388664488776
557455531648822686877773388668877644
557455531648822686877773388686877644
557455531648822686877776884463388776
557455531648822686877776886443388776
557455531648822686877776886833877644
557455531648822686877776888633877644
