557455531648822686877863388664487777
557455531648822686877866886443387777
557455531648846462287786833886687777
557455531648846462287786868863387777
557455531648846462288776338886687777
557455531648846462288776688863387777
557455531648862244687786833886687777
557455531648862244687786868863387777
557455531648862244688776338886687777
557455531648862244688776688863387777
557455531648864462287786833886687777
557455531648864462287786868863387777
557455531648864462288776338886687777
557455531648864462288776688863387777
557487482457664328366673588875887716
557487482457664328636673588875887716
557487482457664328663673588875887716
557487482457664328666373588875887716
557636434826724564388767588875887716
557643634826274564388767588875887716
557646334826274564388767588875887716
557663434826724564388767588875887716
557667824845744328366673588875887716
557667824845744328636673588875887716
557667824845744328663673588875887716
557667824845744328666373588875887716
557667826645743482836743588875887716
557667826645743482863743588875887716
557667826645743842836743588875887716
557667826645743842863743588875887716
557667828445744328366673588875887716
557667828445744328636673588875887716
557667828445744328663673588875887716
557667828445744328666373588875887716
557676826645743824836743588875887716
557676826645743824863743588875887716
557748482366176377726454885387588866
557748482366176388526455438886687777
557748482457664328366673588875887716
557748482457664328636673588875887716
557748482457664328663673588875887716
557748482457664328666373588875887716
557748482636176377726454885387588866
557748482636176388526455438886687777
557748482663176377726454885387588866
557748482663176388526455438886687777
557766824845744328366673588875887716
557766824845744328636673588875887716
557766824845744328663673588875887716
557766824845744328666373588875887716
557766826645743248836743588875887716
557766826645743248863743588875887716
557766826645743284836743588875887716
557766826645743284863743588875887716
557766828445744328366673588875887716
557766828445744328636673588875887716
557766828445744328663673588875887716
557766828445744328666373588875887716
557784482366176377726454885387588866
557784482366176388526455438886687777
557784482457664328366673588875887716
557784482457664328636673588875887716
557784482457664328663673588875887716
557784482457664328666373588875887716
557784482636176377726454885387588866
557784482636176388526455438886687777
557784482663176377726454885387588866
557784482663176388526455438886687777
557847482457664328366673588875887716
557847482457664328636673588875887716
557847482457664328663673588875887716
557847482457664328666373588875887716
558666735584746838662448883127587777
558822646437555144687786833886687777
558822646437555144687786868863387777
558822646437555144688776338886687777
558822646437555144688776688863387777
558846226437555144687786833886687777
558846226437555144687786868863387777
558846226437555144688776338886687777
558846226437555144688776688863387777
558862246437555144687786833886687777
558862246437555144687786868863387777
558862246437555144688776338886687777
558862246437555144688776688863387777
558864226437555144687786833886687777
558864226437555144687786868863387777
558864226437555144688776338886687777
558864226437555144688776688863387777
563688341772576477726454885387588866
563688341772576488526455438886687777
566388341772576477726454885387588866
566388341772576488526455438886687777
566487454876672267884318573673588875
566487454876672267884318576373588875
566487454876672268874318577363588875
566487454876672268874318577633588875
566667413248872767884458573673588875
566667413248872767884458576373588875
566667413248872767885448573673588875
