566667413248872767885448576373588875
566667413248872767885857367443588875
566667413248872767885857367835887544
566667413248872767885857637443588875
566667413248872767885857637835887544
566667413248872767888557367443588875
566667413248872767888557367835887544
566667413248872767888557637443588875
566667413248872767888557637835887544
566667413248872768874458577363588875
566667413248872768874458577633588875
566667413248872768875448577363588875
566667413248872768875448577633588875
566667413248872768875857736443588875
566667413248872768875857736835887544
566667413248872768875857763443588875
566667413248872768875857763835887544
566667413248872768878557736443588875
566667413248872768878557736835887544
566667413248872768878557763443588875
566667413248872768878557763835887544
566667413428872767884458573673588875
566667413428872767884458576373588875
566667413428872767885448573673588875
566667413428872767885448576373588875
566667413428872767885857367443588875
566667413428872767885857367835887544
566667413428872767885857637443588875
566667413428872767885857637835887544
566667413428872767888557367443588875
566667413428872767888557367835887544
566667413428872767888557637443588875
566667413428872767888557637835887544
566667413428872768874458577363588875
566667413428872768874458577633588875
566667413428872768875448577363588875
566667413428872768875448577633588875
566667413428872768875857736443588875
566667413428872768875857736835887544
566667413428872768875857763443588875
566667413428872768875857763835887544
566667413428872768878557736443588875
566667413428872768878557736835887544
566667413428872768878557763443588875
566667413428872768878557763835887544
566667413688772427884458573673588875
566667413688772427884458576373588875
566667413688772427885448573673588875
566667413688772427885448576373588875
566667413688772427885857367443588875
566667413688772427885857367835887544
566667413688772427885857637443588875
566667413688772427885857637835887544
566667413688772427888557367443588875
566667413688772427888557367835887544
566667413688772427888557637443588875
566667413688772427888557637835887544
566667413688772428874458577363588875
566667413688772428874458577633588875
566667413688772428875448577363588875
566667413688772428875448577633588875
566667413688772428875857736443588875
566667413688772428875857736835887544
566667413688772428875857763443588875
566667413688772428875857763835887544
566667413688772428878557736443588875
566667413688772428878557736835887544
566667413688772428878557763443588875
566667413688772428878557763835887544
566667413688774227884458573673588875
566667413688774227884458576373588875
566667413688774227885448573673588875
566667413688774227885448576373588875
566667413688774227885857367443588875
566667413688774227885857367835887544
566667413688774227885857637443588875
566667413688774227885857637835887544
566667413688774227888557367443588875
566667413688774227888557367835887544
566667413688774227888557637443588875
566667413688774227888557637835887544
566667413688774228874458577363588875
566667413688774228874458577633588875
566667413688774228875448577363588875
566667413688774228875448577633588875
566667413688774228875857736443588875
566667413688774228875857736835887544
566667413688774228875857763443588875
566667413688774228875857763835887544
566667413688774228878557736443588875
566667413688774228878557736835887544
566667413688774228878557763443588875
566667413688774228878557763835887544
566667544887247267883481573673588875
566667544887247267883481576373588875
566667544887247268873481577363588875
566667544887247268873481577633588875
566667544887427267883481573673588875
566667544887427267883481576373588875
566667544887427268873481577363588875
