566667544887427268873481577633588875
566667544887587885857367413324288776
566667544887587885857367413342288776
566667544887587885857367413368877242
566667544887587885857367413368877422
566667544887587885857637413324288776
566667544887587885857637413342288776
566667544887587885857637413368877242
566667544887587885857637413368877422
566667544887588875857736413324288776
566667544887588875857736413342288776
566667544887588875857736413368877242
566667544887588875857736413368877422
566667544887588875857763413324288776
566667544887588875857763413342288776
566667544887588875857763413368877242
566667544887588875857763413368877422
566667544887677882434281573673588875
566667544887677882434281576373588875
566667544887677884234281573673588875
566667544887677884234281576373588875
566667544887678872434281577363588875
566667544887678872434281577633588875
566667544887678874234281577363588875
566667544887678874234281577633588875
566667544887724267884318573673588875
566667544887724267884318576373588875
566667544887724268874318577363588875
566667544887724268874318577633588875
566667544887742267884318573673588875
566667544887742267884318576373588875
566667544887742268874318577363588875
566667544887742268874318577633588875
566667544887767882443218573673588875
566667544887767882443218576373588875
566667544887767884243218573673588875
566667544887767884243218576373588875
566667544887768872443218577363588875
566667544887768872443218577633588875
566667544887768874243218577363588875
566667544887768874243218577633588875
566667544887857885857367143243288776
566667544887857885857367143423288776
566667544887857885857367143638877242
566667544887857885857367143638877422
566667544887857885857637143243288776
566667544887857885857637143423288776
566667544887857885857637143638877242
566667544887857885857637143638877422
566667544887858875857736143243288776
566667544887858875857736143423288776
566667544887858875857736143638877242
566667544887858875857736143638877422
566667544887858875857763143243288776
566667544887858875857763143423288776
566667544887858875857763143638877242
566667544887858875857763143638877422
566667548487724267884318573673588875
566667548487724267884318576373588875
566667548487724268874318577363588875
566667548487724268874318577633588875
566667548847724267884318573673588875
566667548847724267884318576373588875
566667548847724268874318577363588875
566667548847724268874318577633588875
566667588875348883241357647754882776
566667588875447885857367413324288776
566667588875447885857367413342288776
566667588875447885857367413368877242
566667588875447885857367413368877422
566667588875447885857637413324288776
566667588875447885857637413342288776
566667588875447885857637413368877242
566667588875447885857637413368877422
566667588875448875857736413324288776
566667588875448875857736413342288776
566667588875448875857736413368877242
566667588875448875857736413368877422
566667588875448875857763413324288776
566667588875448875857763413342288776
566667588875448875857763413368877242
566667588875448875857763413368877422
566667588875878855744367413324288776
566667588875878855744367413342288776
566667588875878855744367413368877242
566667588875878855744367413368877422
566667588875878855744637413324288776
566667588875878855744637413342288776
566667588875878855744637413368877242
566667588875878855744637413368877422
566667588875888755744736413324288776
566667588875888755744736413342288776
566667588875888755744736413368877242
566667588875888755744736413368877422
566667588875888755744763413324288776
566667588875888755744763413342288776
566667588875888755744763413368877242
566667588875888755744763413368877422
566667588875888755746743413324828776
566748454876672267884318573673588875
