566748454876672267884318576373588875
566748454876672268874318577363588875
566748454876672268874318577633588875
566766548487724267884318573673588875
566766548487724267884318576373588875
566766548487724268874318577363588875
566766548487724268874318577633588875
566766548847724267884318573673588875
566766548847724267884318576373588875
566766548847724268874318577363588875
566766548847724268874318577633588875
566784454876672267884318573673588875
566784454876672267884318576373588875
566784454876672268874318577363588875
566784454876672268874318577633588875
566847454876672267884318573673588875
566847454876672267884318576373588875
566847454876672268874318577363588875
566847454876672268874318577633588875
568836341727576477276544883587588866
568863341727576477276544883587588866
576666328884537588814537647754882776
576666588834715888534327647754882776
576666588843413325788857647754882776
576666588875348883241357647754882776
576666588875447885857367413324288776
576666588875447885857367413342288776
576666588875447885857367413368877242
576666588875447885857367413368877422
576666588875447885857637413324288776
576666588875447885857637413342288776
576666588875447885857637413368877242
576666588875447885857637413368877422
576666588875448875857736413324288776
576666588875448875857736413342288776
576666588875448875857736413368877242
576666588875448875857736413368877422
576666588875448875857763413324288776
576666588875448875857763413342288776
576666588875448875857763413368877242
576666588875448875857763413368877422
576666588875878855744367413324288776
576666588875878855744367413342288776
576666588875878855744367413368877242
576666588875878855744367413368877422
576666588875878855744637413324288776
576666588875878855744637413342288776
576666588875878855744637413368877242
576666588875878855744637413368877422
576666588875888755744736413324288776
576666588875888755744736413342288776
576666588875888755744736413368877242
576666588875888755744736413368877422
576666588875888755744763413324288776
576666588875888755744763413342288776
576666588875888755744763413368877242
576666588875888755744763413368877422
576666588875888755746743413324828776
577746456885453486683153882286687777
577746456885453487736153877862288866
577746456885453487763153877862288866
577746456885453488366153822886687777
577746456885453488636153822886687777
577746456885453488663153822886687777
577746456885454386681353882286687777
577746456885454387761353877862288866
577746456885454388661353822886687777
577746456885457877734866831538228866
577746456885457877734883661532288866
577746456885457877734886361532288866
577746456885457877734886631532288866
577746456885457877743866813538228866
577746456885457877743886613532288866
577764456885453486683153882286687777
577764456885453487736153877862288866
577764456885453487763153877862288866
577764456885453488366153822886687777
577764456885453488636153822886687777
577764456885453488663153822886687777
577764456885454386681353882286687777
577764456885454387761353877862288866
577764456885454388661353822886687777
577764456885457877734866831538228866
577764456885457877734883661532288866
577764456885457877734886361532288866
577764456885457877734886631532288866
577764456885457877743866813538228866
577764456885457877743886613532288866
578883245366667588814537647754882776
578883245388875666614537647754882776
578885343687876786542467564351288776
578885346666715888534327647754882776
578885348887155666634327647754882776
578885436666413325788857647754882776
578885438884133257666657647754882776
578885766665348883241357647754882776
578885766665447885857367413324288776
578885766665447885857367413342288776
578885766665447885857367413368877242
578885766665447885857367413368877422
