578885766665447885857637413324288776
578885766665447885857637413342288776
578885766665447885857637413368877242
578885766665447885857637413368877422
578885766665448875857736413324288776
578885766665448875857736413342288776
578885766665448875857736413368877242
578885766665448875857736413368877422
578885766665448875857763413324288776
578885766665448875857763413342288776
578885766665448875857763413368877242
578885766665448875857763413368877422
578885766665878855744367413324288776
578885766665878855744367413342288776
578885766665878855744367413368877242
578885766665878855744367413368877422
578885766665878855744637413324288776
578885766665878855744637413342288776
578885766665878855744637413368877242
578885766665878855744637413368877422
578885766665888755744736413324288776
578885766665888755744736413342288776
578885766665888755744736413368877242
578885766665888755744736413368877422
578885766665888755744763413324288776
578885766665888755744763413342288776
578885766665888755744763413368877242
578885766665888755744763413368877422
578885766665888755746743413324828776
578885788853432666641357647754882776
587885723388767556762447617445388866
587885723388767556762447617853886644
587885726887337556762447617445388866
587885726887337556762447617853886644
587885726887675567332447617445388866
587885726887675567332447617853886644
587885744367538885724728876437616665
587885744367538885742728876437616665
587885744367538885756266674134288776
587885744367538885767887244327616665
587885744367538885767887424327616665
587885744367538885767887643716665242
587885744367538885767887643716665422
587885744367538885772428876437166665
587885744367538885774228876437166665
587885744367538885776887244327166665
587885744367538885776887424327166665
587885744637538885724728876437616665
587885744637538885742728876437616665
587885744637538885756266674134288776
587885744637538885767887244327616665
587885744637538885767887424327616665
587885744637538885767887643716665242
587885744637538885767887643716665422
587885744637538885772428876437166665
587885744637538885774228876437166665
587885744637538885776887244327166665
587885744637538885776887424327166665
587885783675388417324276887544766665
587885783675388417342276887544766665
587885783675388417367248872544766665
587885783675388417367284872544766665
587885783675388417367286672544876654
587885783675388417367286672548476654
587885783675388417367287482544766665
587885783675388417367287662544876654
587885783675388417367287662548476654
587885783675388417367287842544766665
587885783675388417367288472544766665
587885783675388417367428872544766665
587885783675388417367466675628872544
587885783675388574424728876437616665
587885783675388574442728876437616665
587885783675388574456266674134288776
587885783675388574467887244327616665
587885783675388574467887424327616665
587885783675388574467887643716665242
587885783675388574467887643716665422
587885783675388574472428876437166665
587885783675388574474228876437166665
587885783675388574476887244327166665
587885783675388574476887424327166665
587885786375388417324276887544766665
587885786375388417342276887544766665
587885786375388417367248872544766665
587885786375388417367284872544766665
587885786375388417367286672544876654
587885786375388417367286672548476654
587885786375388417367287482544766665
587885786375388417367287662544876654
587885786375388417367287662548476654
587885786375388417367287842544766665
587885786375388417367288472544766665
587885786375388417367428872544766665
587885786375388417367466675628872544
587885786375388574424728876437616665
587885786375388574442728876437616665
587885786375388574456266674134288776
587885786375388574467887244327616665
587885786375388574467887424327616665
