587885786375388574467887643716665242
587885786375388574467887643716665422
587885786375388574472428876437166665
587885786375388574474228876437166665
587885786375388574476887244327166665
587885786375388574476887424327166665
588872327177483347548664576675588866
588872327177483347584664576675588866
588872327177663348754844576675588866
588872327177663348758444576675588866
588872327177663366754845487754588866
588872327177663366754845847754588866
588872327177663366758445487754588866
588872327177663366758445847754588866
588872327177663374854844576675588866
588872327177663374858444576675588866
588872327177663376654845487754588866
588872327177663376654845847754588866
588872327177663376658445487754588866
588872327177663376658445847754588866
588872327177663378454844576675588866
588872327177663378458444576675588866
588872327177663384754844576675588866
588872327177663384758444576675588866
588872327177843347548664576675588866
588872327177843347584664576675588866
588875166487542465367543832886687777
588875166487542465637543832886687777
588875166847542465367543832886687777
588875166847542465637543832886687777
588875346486534412675675832886687777
588875346846534412675675832886687777
588875723388767556762447617445388866
588875723388767556762447617853886644
588875724477753162335544668886688776
588875724477753162335564468886688776
588875724477753162335568688664488776
588875724477753162335577688446688866
588875724477753162335577688644688866
588875724477753162335577688664488866
588875724477753162335577688668886644
588875724477753162335577688686886644
588875724477753162335577688866886644
588875724477753162335586688664488776
588875724477753162655446888336688776
588875724477753162655446888663388776
588875724477753162655446888666887733
588875724477753162655644888336688776
588875724477753162655644888663388776
588875724477753162655644888666887733
588875724477753162655688833664488776
588875724477753162655688866443388776
588875724477753162655688866446887733
588875724477753162655778833446688866
588875724477753162655778833644688866
588875724477753162655778833664488866
588875724477753162655778833668886644
588875724477753162655778833686886644
588875724477753162655778833866886644
588875724477753162655778864463388866
588875724477753162655778864466888633
588875724477753162655778866443388866
588875724477753162655778866446888633
588875724477753162655778866833886644
588875724477753162655778866868864433
588875724477753162655778868633886644
588875724477753162655778868668864433
588875724477753162655868833664488776
588875724477753162655868866443388776
588875724477753162655868866446887733
588875724477753164455668886623388776
588875724477753164455668886626887733
588875724477753168553366887768826644
588875724477753168556688337768826644
588875724477753168556688446633288776
588875724477753168556688446662887733
588875724477753168556688664423388776
588875724477753168556688664426887733
588875724477753168556688677883326644
588875724477753168556688773368866244
588875724477753168556688776883366244
588875726887337556762447617445388866
588875726887337556762447617853886644
588875726887675567332447617445388866
588875726887675567332447617853886644
588875744736538885724728876437616665
588875744736538885742728876437616665
588875744736538885756266674134288776
588875744736538885767887244327616665
588875744736538885767887424327616665
588875744736538885767887643716665242
588875744736538885767887643716665422
588875744736538885772428876437166665
588875744736538885774228876437166665
588875744736538885776887244327166665
588875744736538885776887424327166665
588875744763538885724728876437616665
588875744763538885742728876437616665
588875744763538885756266674134288776
588875744763538885767887244327616665
