588875744763538885767887424327616665
588875744763538885767887643716665242
588875744763538885767887643716665422
588875744763538885772428876437166665
588875744763538885774228876437166665
588875744763538885776887244327166665
588875744763538885776887424327166665
588875766665348883241357647754882776
588875766665447885857367413324288776
588875766665447885857367413342288776
588875766665447885857367413368877242
588875766665447885857367413368877422
588875766665447885857637413324288776
588875766665447885857637413342288776
588875766665447885857637413368877242
588875766665447885857637413368877422
588875766665448875857736413324288776
588875766665448875857736413342288776
588875766665448875857736413368877242
588875766665448875857736413368877422
588875766665448875857763413324288776
588875766665448875857763413342288776
588875766665448875857763413368877242
588875766665448875857763413368877422
588875766665878855744367413324288776
588875766665878855744367413342288776
588875766665878855744367413368877242
588875766665878855744367413368877422
588875766665878855744637413324288776
588875766665878855744637413342288776
588875766665878855744637413368877242
588875766665878855744637413368877422
588875766665888755744736413324288776
588875766665888755744736413342288776
588875766665888755744736413368877242
588875766665888755744736413368877422
588875766665888755744763413324288776
588875766665888755744763413342288776
588875766665888755744763413368877242
588875766665888755744763413368877422
588875766665888755746743413324828776
588875774436538887524772886437616665
588875774436538887542772886437616665
588875774436538887556276664134288776
588875774436538887567788244327616665
588875774436538887567788424327616665
588875774436538887567788643716665242
588875774436538887567788643716665422
588875774436538887572472886437166665
588875774436538887574272886437166665
588875774436538887576788244327166665
588875774436538887576788424327166665
588875774463538887524772886437616665
588875774463538887542772886437616665
588875774463538887556276664134288776
588875774463538887567788244327616665
588875774463538887567788424327616665
588875774463538887567788643716665242
588875774463538887567788643716665422
588875774463538887572472886437166665
588875774463538887574272886437166665
588875774463538887576788244327166665
588875774463538887576788424327166665
588875775485457666632277173663488884
588875775485457666632277173663848884
588875775485457666632277173663884884
588875775485457666632277173663888484
588875775485457666632277173663888844
588875775485457666632277176363488884
588875775485457666632277176363848884
588875775485457666632277176363884884
588875775485457666632277176363888484
588875775485457666632277176363888844
588875775485457666632277176633488884
588875775485457666632277176633848884
588875775485457666632277176633884884
588875775485457666632277176633888484
588875775485457666632277176633888844
588875775665548766324277173663488884
588875775665548766324277173663848884
588875775665548766324277173663884884
588875775665548766324277173663888484
588875775665548766324277173663888844
588875775665548766324277176363488884
588875775665548766324277176363848884
588875775665548766324277176363884884
588875775665548766324277176363888484
588875775665548766324277176363888844
588875775665548766324277176633488884
588875775665548766324277176633848884
588875775665548766324277176633884884
588875775665548766324277176633888484
588875775665548766324277176633888844
588875775665548766342277173663488884
588875775665548766342277173663848884
588875775665548766342277173663884884
588875775665548766342277173663888484
588875775665548766342277173663888844
588875775665548766342277176363488884
588875775665548766342277176363848884
