588875775665548766342277176363884884
588875775665548766342277176363888484
588875775665548766342277176363888844
588875775665548766342277176633488884
588875775665548766342277176633848884
588875775665548766342277176633884884
588875775665548766342277176633888484
588875775665548766342277176633888844
588875775665566766322487717343488884
588875775665566766322487717343848884
588875775665566766322487717343884884
588875775665566766322487717343888484
588875775665566766322487717343888844
588875775665566766322847717343488884
588875775665566766322847717343848884
588875775665566766322847717343884884
588875775665566766322847717343888484
588875775665566766322847717343888844
588875775665574866324277173483488866
588875775665574866324277173663488884
588875775665574866324277173663848884
588875775665574866324277173663884884
588875775665574866324277173663888484
588875775665574866324277173663888844
588875775665574866324277173843488866
588875775665576666322487717343488884
588875775665576666322487717343848884
588875775665576666322487717343884884
588875775665576666322487717343888484
588875775665576666322487717343888844
588875775665576666322847717343488884
588875775665576666322847717343848884
588875775665576666322847717343884884
588875775665576666322847717343888484
588875775665576666322847717343888844
588875775665578466324277173483488866
588875775665578466324277173663488884
588875775665578466324277173663848884
588875775665578466324277173663884884
588875775665578466324277173663888484
588875775665578466324277173663888844
588875775665578466324277173843488866
588875775665584766324277173663488884
588875775665584766324277173663848884
588875775665584766324277173663884884
588875775665584766324277173663888484
588875775665584766324277173663888844
588875775665584766324277176363488884
588875775665584766324277176363848884
588875775665584766324277176363884884
588875775665584766324277176363888484
588875775665584766324277176363888844
588875775665584766324277176633488884
588875775665584766324277176633848884
588875775665584766324277176633884884
588875775665584766324277176633888484
588875775665584766324277176633888844
588875775845457666632277173663488884
588875775845457666632277173663848884
588875775845457666632277173663884884
588875775845457666632277173663888484
588875775845457666632277173663888844
588875775845457666632277176363488884
588875775845457666632277176363848884
588875775845457666632277176363884884
588875775845457666632277176363888484
588875775845457666632277176363888844
588875775845457666632277176633488884
588875775845457666632277176633848884
588875775845457666632277176633884884
588875775845457666632277176633888484
588875775845457666632277176633888844
588875776835362875468778643824716654
588875778365388741324276788544766665
588875778365388741342276788544766665
588875778365388741367724882544766665
588875778365388741367728482544766665
588875778365388741367728662544876654
588875778365388741367728662548476654
588875778365388741367728842544766665
588875778365388741367742882544766665
588875778365388741367746665628872544
588875778365388754424772886437616665
588875778365388754442772886437616665
588875778365388754456276664134288776
588875778365388754467788244327616665
588875778365388754467788424327616665
588875778365388754467788643716665242
588875778365388754467788643716665422
588875778365388754472472886437166665
588875778365388754474272886437166665
588875778365388754476788244327166665
588875778365388754476788424327166665
588875778635388741324276788544766665
588875778635388741342276788544766665
588875778635388741367724882544766665
588875778635388741367728482544766665
588875778635388741367728662544876654
588875778635388741367728662548476654
588875778635388741367728842544766665
