588875778635388741367742882544766665
588875778635388741367746665628872544
588875778635388754424772886437616665
588875778635388754442772886437616665
588875778635388754456276664134288776
588875778635388754467788244327616665
588875778635388754467788424327616665
588875778635388754467788643716665242
588875778635388754467788643716665422
588875778635388754472472886437166665
588875778635388754474272886437166665
588875778635388754476788244327166665
588875778635388754476788424327166665
588875787365388417324276887544766665
588875787365388417342276887544766665
588875787365388417367248872544766665
588875787365388417367284872544766665
588875787365388417367286672544876654
588875787365388417367286672548476654
588875787365388417367287482544766665
588875787365388417367287662544876654
588875787365388417367287662548476654
588875787365388417367287842544766665
588875787365388417367288472544766665
588875787365388417367428872544766665
588875787365388417367466675628872544
588875787365388574424728876437616665
588875787365388574442728876437616665
588875787365388574456266674134288776
588875787365388574467887244327616665
588875787365388574467887424327616665
588875787365388574467887643716665242
588875787365388574467887643716665422
588875787365388574472428876437166665
588875787365388574474228876437166665
588875787365388574476887244327166665
588875787365388574476887424327166665
588875787635388417324276887544766665
588875787635388417342276887544766665
588875787635388417367248872544766665
588875787635388417367284872544766665
588875787635388417367286672544876654
588875787635388417367286672548476654
588875787635388417367287482544766665
588875787635388417367287662544876654
588875787635388417367287662548476654
588875787635388417367287842544766665
588875787635388417367288472544766665
588875787635388417367428872544766665
588875787635388417367466675628872544
588875787635388574424728876437616665
588875787635388574442728876437616665
588875787635388574456266674134288776
588875787635388574467887244327616665
588875787635388574467887424327616665
588875787635388574467887643716665242
588875787635388574467887643716665422
588875787635388574472428876437166665
588875787635388574474228876437166665
588875787635388574476887244327166665
588875787635388574476887424327166665
588875788857566665744736413324288776
588875788857566665744736413342288776
588875788857566665744736413368877242
588875788857566665744736413368877422
588875788857566665744763413324288776
588875788857566665744763413342288776
588875788857566665744763413368877242
588875788857566665744763413368877422
588875788857566665746743413324828776
622648844547555513687786833886687777
622648844547555513687786868863387777
622648844547555513688776338886687777
622648844547555513688776688863387777
622655554488547413687786833886687777
622655554488547413687786868863387777
622655554488547413688776338886687777
622655554488547413688776688863387777
622655554848547413687786833886687777
622655554848547413687786868863387777
622655554848547413688776338886687777
622655554848547413688776688863387777
622655554884547413687786833886687777
622655554884547413687786868863387777
622655554884547413688776338886687777
622655554884547413688776688863387777
622684844547555513687786833886687777
622684844547555513687786868863387777
622684844547555513688776338886687777
622684844547555513688776688863387777
622688444547555513687786833886687777
622688444547555513687786868863387777
622688444547555513688776338886687777
622688444547555513688776688863387777
622885544673155544677886833886687777
622885544673155544677886868863387777
622885544673155544687786338886687777
622885544673155544687786688863387777
624454472558533778168776887675388866
624457442558533778168776887675388866
