624457825553374478168776887675388866
624457825553378781677644887675388866
624457825553378781677688767445388866
624457825553378781677688767853886644
624458725553374478168776887675388866
624458725553378781677446887675388866
624458725553378781677644887675388866
624458725553378781677688767445388866
624458725553378781677868767445388866
634457734432728867768878516755588866
634485634457266753287867858875881776
634557634827264564387867858875881776
634654834457266572387867885875881776
634658434457266572387867885875881776
634675534287265464837867885875881776
634775434423728867768878516755588866
634788347243627754768878516755588866
634788347261655777726454888357588866
634788347261655777726544888537588866
634788347276754472366155788857588866
634788347276887675568548565432881776
634788347276887675568584565432881776
634845634457266753287867858875881776
634878347276887678885431756648276555
634887347216675572776454853887588866
634887347234677254768878516755588866
634887347276457473261655785887588866
634887347276887678885765558341726654
636687388578574577643272761655488884
636687388578574577643272761655848884
636687388578574577643272761655884884
636687388578574577643272761655888484
636687388578574577643272761655888844
636687388578588767748721352454876654
636687388578588767748721352458476654
636687388578588767766721352548487544
636687388578588767766721352548847544
636687388578588767766721352584487544
636687388578588767766721352584847544
636687388578588767774821352454876654
636687388578588767774821352458476654
636687388578588767776621352548487544
636687388578588767776621352548847544
636687388578588767776621352584487544
636687388578588767776621352584847544
636687388578588767778241352454876654
636687388578588767778241352458476654
636687388578588767778421352454876654
636687388578588767778421352458476654
636687388578588767784721352454876654
636687388578588767784721352458476654
636687388578588776774416355628872544
636777348213667245756675588875488884
636777348213667245756675588875848884
636777348213667245756675588875884884
636777348213667245756675588875888484
636777348213667245756675588875888844
636777366213667254875754588875488884
636777366213667254875754588875848884
636777366213667254875754588875884884
636777366213667254875754588875888484
636777366213667254875754588875888844
636777366213667258475754588875488884
636777366213667258475754588875848884
636777366213667258475754588875884884
636777366213667258475754588875888484
636777366213667258475754588875888844
636777382413667245756675588875488884
636777382413667245756675588875848884
636777382413667245756675588875884884
636777382413667245756675588875888484
636777382413667245756675588875888844
636777384213667245756675588875488884
636777384213667245756675588875848884
636777384213667245756675588875884884
636777384213667245756675588875888484
636777384213667245756675588875888844
637776322568854543816485548886687777
637776322568854543816665584888487777
637776322568854543816665587777488884
637776322568854543816665587777848884
637776322568854543816665587777884884
637776322568854543816665587777888484
637776322568854543816665587777888844
637776322568854543816665588488487777
637776322568854543816665588848487777
637776322568854543816665588884487777
637776322568854543816845548886687777
637776345688522543816485548886687777
637776345688522543816665584888487777
637776345688522543816665587777488884
637776345688522543816665587777848884
637776345688522543816665587777884884
637776345688522543816665587777888484
637776345688522543816665587777888844
637776345688522543816665588488487777
637776345688522543816665588848487777
637776345688522543816665588884487777
637776345688522543816845548886687777
637776345688545382216485548886687777
