637776345688545382216665584888487777
637776345688545382216665587777488884
637776345688545382216665587777848884
637776345688545382216665587777884884
637776345688545382216665587777888484
637776345688545382216665587777888844
637776345688545382216665588488487777
637776345688545382216665588848487777
637776345688545382216665588884487777
637776345688545382216845548886687777
637776352268854543816485548886687777
637776352268854543816665584888487777
637776352268854543816665587777488884
637776352268854543816665587777848884
637776352268854543816665587777884884
637776352268854543816665587777888484
637776352268854543816665587777888844
637776352268854543816665588488487777
637776352268854543816665588848487777
637776352268854543816665588884487777
637776352268854543816845548886687777
637776354688522543816485548886687777
637776354688522543816665584888487777
637776354688522543816665587777488884
637776354688522543816665587777848884
637776354688522543816665587777884884
637776354688522543816665587777888484
637776354688522543816665587777888844
637776354688522543816665588488487777
637776354688522543816665588848487777
637776354688522543816665588884487777
637776354688522543816845548886687777
637776354688545382216485548886687777
637776354688545382216665584888487777
637776354688545382216665587777488884
637776354688545382216665587777848884
637776354688545382216665587777884884
637776354688545382216665587777888484
637776354688545382216665587777888844
637776354688545382216665588488487777
637776354688545382216665588848487777
637776354688545382216665588884487777
637776354688545382216845548886687777
638445634457266753287867858875881776
638478347276887678885431756648276555
638487347216675572776454853887588866
638487347234677254768878516755588866
638487347276457473261655785887588866
638487347276887678885765558341726654
638577332724486744768878516755588866
638577332724846744768878516755588866
638577332728446744768878516755588866
638577332728867764487448516755588866
638577332728867764847448516755588866
638577332728867764856485417754588866
638577332728867764865485147754588866
638577332728867764874448561755588866
638577332728867766485448157574588866
638577332728867766485484157574588866
638577332728867766845448157574588866
638577332728867766845484157574588866
638577332728867768447448516755588866
638577332728867768456485417754588866
638577332728867768465485147754588866
638577332728867768474448561755588866
638577332728867768874451675544588866
638577332728867768874451675585886644
638577332728867768878516755544886644
638577332728867768878516755584486644
638577332728867768878516755584846644
638577332728867768878516755588446644
638748347216655777726454888357588866
638748347216655777726544888537588866
638748347261557677726454885387588866
638748347261557688526455438886687777
638766372751665577746548883275488884
638766372751665577746548883275848884
638766372751665577746548883275884884
638766372751665577746548883275888484
638766372751665577746548883275888844
638784347216655777726454888357588866
638784347216655777726544888537588866
638784347261557677726454885387588866
638784347261557688526455438886687777
638847347216675572776454853887588866
638847347234677254768878516755588866
638847347276457473261655785887588866
638847347276887678885765558341726654
638856341727675472776454853887588866
638856357266753244786744858875881776
638856357266753244786788587445881776
638856357266753244786788587858177644
638856357266753287446744858875881776
638856357266753287446788587544881776
638856357266753287867445887445881776
638856357266753287867445887858177644
638856357266753287867854487445881776
638856357266753287867854487858177644
638856357266753287867858447544881776
638856357266753287867858875448177644
