638856357266753287867858875844177644
638865314727675472776454853887588866
638874347261675572776454853887588866
642454472558533778168776887675388866
642457442558533778168776887675388866
642457825553374478168776887675388866
642457825553378781677644887675388866
642457825553378781677688767445388866
642457825553378781677688767853886644
642458725553374478168776887675388866
642458725553378781677446887675388866
642458725553378781677644887675388866
642458725553378781677688767445388866
642458725553378781677868767445388866
644254472558533778168776887675388866
644257442558533778168776887675388866
644257825553374478168776887675388866
644257825553378781677644887675388866
644257825553378781677688767445388866
644257825553378781677688767853886644
644258725553374478168776887675388866
644258725553378781677446887675388866
644258725553378781677644887675388866
644258725553378781677688767445388866
644258725553378781677868767445388866
644338868688677655655223881744587777
644338868688677655655223881785777744
644338868688677655675237717445288875
644446888668833225513786787655587777
644447788668877683322558137867876555
644555787446257387687158886633288776
644555787446257387687158886662887733
644555787446788677851268277533388866
644555787867844523372716887675388866
644555787867844526727183387675388866
644555787867844526727186877533388866
644555787867867447851268277533388866
644555787867867875126824477533388866
644644888668833225513786787655587777
644684488336862255813786787655587777
644684488668332255813786787655587777
644688833684462255813786787655587777
644688833688622551378446787655587777
644688833688622551378867765554487777
644688833688622551378867765558777744
644688863388677655655223881744587777
644688863388677655655223881785777744
644688863388677655675237717445288875
644688866448833225513786787655587777
644688866844332255813786787655587777
644688866883322551378446787655587777
644688866883322551378867765554487777
644688866883322551378867765558777744
644688866887733655655223881744587777
644688866887733655655223881785777744
644688866887733655675237717445288875
644688866887765563355223881744587777
644688866887765563355223881785777744
644688866887765563375237717445288875
644774483565552788767158886633288776
644774483565552788767158886662887733
644774488668778683322558137867876555
644778866844778683322558137867876555
644778866887768443322558137867876555
644778866887768833225513786744876555
644778866887768833225513786787655544
644778868338677877686886422735515554
644778868687733877686886422735515554
644868866224848335513786787655587777
644868866448833225513786787655587777
644877863388668868642273855174777555
644877863388677877686886422735515554
644877864468538331522655758886687777
644877864468538615225573358886687777
644877866844877683322558137867876555
644877866886833868642273855174777555
644877866887733877686886422735515554
644883368688677665555223188744587777
644883368688677665555223188785777744
644886863388677665555223188744587777
644886863388677665555223188785777744
644886866887733665555223188744587777
644886866887733665555223188785777744
644886866887766553355223188744587777
644886866887766553355223188785777744
646488224547555513687786833886687777
646488224547555513687786868863387777
646488224547555513688776338886687777
646488224547555513688776688863387777
646555522488547413687786833886687777
646555522488547413687786868863387777
646555522488547413688776338886687777
646555522488547413688776688863387777
646555522848547413687786833886687777
646555522848547413687786868863387777
646555522848547413688776338886687777
646555522848547413688776688863387777
646555522884547413687786833886687777
646555522884547413687786868863387777
646555522884547413688776338886687777
