646555522884547413688776688863387777
646848224547555513687786833886687777
646848224547555513687786868863387777
646848224547555513688776338886687777
646848224547555513688776688863387777
646884224547555513687786833886687777
646884224547555513687786868863387777
646884224547555513688776338886687777
646884224547555513688776688863387777
647775456588458343166853888226687777
647775456588458343167753877688882266
647775456588458343186653882286687777
647775456588458431366853888226687777
647775456588458431367753877688882266
647775456588458431386653882286687777
647775456588458431636853888226687777
647775456588458431637753877688882266
647775456588458431663853888226687777
647775456588458777734831668538882266
647775456588458777734831866538822866
647775456588458777743813668538882266
647775456588458777743813866538822866
647775456588458777743816368538882266
647775456588458777743816638538882266
648855224673155544677886833886687777
648855224673155544677886868863387777
648855224673155544687786338886687777
648855224673155544687786688863387777
653644834456725672388767858875887176
653648434456725672388767858875887176
653684434456725672388767858875887176
653688314772576477726454885387588866
653688314772576488526455438886687777
653688356725672344876744858875887176
653688356725672344876785887445887176
653688356725672344876785887858717644
653688356725672384476744858875887176
653688356725672384476788587445887176
653688356725672384476788587544881776
653688356725672384476788587678875144
653688356725672384476788587768871544
653688356725672388767445887445887176
653688356725672388767445887858717644
653688356725672388767854487445887176
653688356725672388767854487858717644
653688356725672388767858447445887176
653688356725672388767858447544881776
653688356725672388767858447678875144
653688356725672388767858447768871544
653688356725672388767858875448717644
653688356725672388767858875844717644
654483634456275762388767858875887716
654486334456275762388767858875887716
654836434456725762388767858875887716
654843634456275762388767858875887716
654846334456275762388767858875887716
654863434456725762388767858875887716
654867456675723842836743858875887716
654867456675723842863743858875887716
654876456675723824836743858875887716
654876456675723824863743858875887716
655488473688743631647552258886687777
655488473688746331647552258886687777
655533225137744868785844668886687777
655533225137744868785864468886687777
655533225137744868785866448886687777
655533225137744868785866888664487777
655533225137744868785868688664487777
655533225137744868785877688644688776
655533225137744868785877688664488776
655533225137744868785877688668877644
655533225137744868785877688686877644
655533225137744868785886688664487777
655533225137788678544844668886687777
655533225137788678544864468886687777
655533225137788678544866448886687777
655533225137788678544866888664487777
655533225137788678544868688664487777
655533225137788678544877688644688776
655533225137788678544877688664488776
655533225137788678544877688668877644
655533225137788678544877688686877644
655533225137788678544886688664487777
655544782445332778168776887675388866
655544784245332778168776887675388866
655544784425332778168776887675388866
655544787446786787851268277533388866
655544787867445823372716887675388866
655544787867445826727183387675388866
655544787867445826727186877533388866
655544787867678447851268277533388866
655544787867678875126824477533388866
655574482445332778168776887675388866
655574484245332778168776887675388866
655574484425332778168776887675388866
655574487446253788677518886623388776
655574487446253788677518886626887733
655574487446257376887158886633288776
655574487446257376887158886662887733
655574487446786787851268277533388866
