655574487867445823372716887675388866
655574487867445826727183387675388866
655574487867445826727186877533388866
655574487867678447851268277533388866
655574487867678875126824477533388866
655578244533274478168776887675388866
655578244533278781677644887675388866
655578244533278781677688767445388866
655578244533278781677688767853886644
655578424533274478168776887675388866
655578424533278781677644887675388866
655578424533278781677688767445388866
655578424533278781677688767853886644
655578442533274478168776887675388866
655578442533278781677644887675388866
655578442533278781677688767445388866
655578442533278781677688767853886644
655578744625443788677518886623388776
655578744625443788677518886626887733
655578744625447376887158886633288776
655578744625447376887158886662887733
655578744625837885717688337768826644
655578744625837885717688446633288776
655578744625837885717688446662887733
655578744625837885717688664423388776
655578744625837885717688664426887733
655578744625837885717688677883326644
655578744625837885717688773368866244
655578744625837885717688776883366244
655578744625873768744158886633288776
655578744625873768744158886662887733
655578744625873768781588664433288776
655578744625873768781588664462887733
655578744625873768781588668332877644
655578744625873768781588668628774433
655578744633122587385844668886687777
655578744633122587385864468886687777
655578744633122587385866448886687777
655578744633122587385866888664487777
655578744633122587385868688664487777
655578744633122587385877688644688776
655578744633122587385877688664488776
655578744633122587385877688668877644
655578744633122587385877688686877644
655578744633122587385886688664487777
655578744674486787851268277533388866
655578744678867744851268277533388866
655578744678867788512627744533388866
655578744678867788512627785333886644
655578744678885343566431228886687777
655578744678885787682231364456388776
655578744678885787682231368563877644
655578744678885787682231634456388776
655578744678885787682231638563877644
655578786331225738544844668886687777
655578786331225738544864468886687777
655578786331225738544866448886687777
655578786331225738544866888664487777
655578786331225738544868688664487777
655578786331225738544877688644688776
655578786331225738544877688664488776
655578786331225738544877688668877644
655578786331225738544877688686877644
655578786331225738544886688664487777
655578786744445823372716887675388866
655578786744445826727183387675388866
655578786744445826727186877533388866
655578786744678447851268277533388866
655578786744678875126824477533388866
655578786784452337271644887675388866
655578786784452337271688767445388866
655578786784452337271688767853886644
655578786784452672714483387675388866
655578786784452672714486877533388866
655578786784452672718833767445388866
655578786784452672718833767853886644
655578786784452672718867744533388866
655578786784452672718867785333886644
655578786786744744851268277533388866
655578786786744788512627744533388866
655578786786744788512627785333886644
655578786786787445126824477533388866
655578786786787851262447744533388866
655578786786787851262447785333886644
655578786788544343566431228886687777
655578786788544787682231364456388776
655578786788544787682231368563877644
655578786788544787682231634456388776
655578786788544787682231638563877644
655587244533274478168776887675388866
655587244533278781677446887675388866
655587244533278781677644887675388866
655587244533278781677688767445388866
655587244533278781677868767445388866
655587424533274478168776887675388866
655587424533278781677446887675388866
655587424533278781677644887675388866
655587424533278781677688767445388866
655587424533278781677868767445388866
655587442533274478168776887675388866
