655587442533278781677446887675388866
655587442533278781677644887675388866
655587442533278781677688767445388866
655587442533278781677868767445388866
655587744674486787851268277533388866
655587744678844577126833287675388866
655587744678867744851268277533388866
655587744678867788512627744533388866
655587744678885257376881664423388776
655587744678885257376881664426887733
655587744678885257376881668233877644
655587744678885257376881668268774433
655587786744445823372716887675388866
655587786744445826727183387675388866
655587786744445826727186877533388866
655587786744678447851268277533388866
655587786744678875126824477533388866
655587786784452337271446887675388866
655587786784452337271644887675388866
655587786784452337271688767445388866
655587786784452337271868767445388866
655587786784452672714483387675388866
655587786784452672714486877533388866
655587786784452672718833767445388866
655587786784452672718867744533388866
655587786784454477126833287675388866
655587786786744744851268277533388866
655587786786744788512627744533388866
655587786786787445126824477533388866
655587786786787851262447744533388866
655587786788544257376881664423388776
655587786788544257376881664426887733
655587786788544257376881668233877644
655587786788544257376881668268774433
655677721634277548588758736663488884
655677721634277548588758736663848884
655677721634277548588758736663884884
655677721634277548588758736663888484
655677721634277548588758736663888844
655677721634277548588758748363488866
655677721634277548588758748633488866
655677721634277548588758763663488884
655677721634277548588758763663848884
655677721634277548588758763663884884
655677721634277548588758763663888484
655677721634277548588758763663888844
655677721634277548588758766363488884
655677721634277548588758766363848884
655677721634277548588758766363884884
655677721634277548588758766363888484
655677721634277548588758766363888844
655677721634277548588758766633488884
655677721634277548588758766633848884
655677721634277548588758766633884884
655677721634277548588758766633888484
655677721634277548588758766633888844
655677721634277548588758784363488866
655677721634277548588758784633488866
655848473688743631647552258886687777
655848473688746331647552258886687777
655884473688743631647552258886687777
655884473688746331647552258886687777
656344834456725672388767858875887176
656348434456725672388767858875887176
656384434456725672388767858875887176
656388314772576477726454885387588866
656388314772576488526455438886687777
656388356725672344876744858875887176
656388356725672344876785887445887176
656388356725672344876785887858717644
656388356725672384476744858875887176
656388356725672384476788587445887176
656388356725672384476788587544881776
656388356725672384476788587678875144
656388356725672384476788587768871544
656388356725672388767445887445887176
656388356725672388767445887858717644
656388356725672388767854487445887176
656388356725672388767854487858717644
656388356725672388767858447445887176
656388356725672388767858447544881776
656388356725672388767858447678875144
656388356725672388767858447768871544
656388356725672388767858875448717644
656388356725672388767858875844717644
656667412438872767884458573673588875
656667412438872767884458576373588875
656667412438872767885448573673588875
656667412438872767885448576373588875
656667412438872767885857367443588875
656667412438872767885857367835887544
656667412438872767885857637443588875
656667412438872767885857637835887544
656667412438872767888557367443588875
656667412438872767888557367835887544
656667412438872767888557637443588875
656667412438872767888557637835887544
656667412438872768874458577363588875
656667412438872768874458577633588875
656667412438872768875448577363588875
