656667412438872768875448577633588875
656667412438872768875857736443588875
656667412438872768875857736835887544
656667412438872768875857763443588875
656667412438872768875857763835887544
656667412438872768878557736443588875
656667412438872768878557736835887544
656667412438872768878557763443588875
656667412438872768878557763835887544
656667414238872767884458573673588875
656667414238872767884458576373588875
656667414238872767885448573673588875
656667414238872767885448576373588875
656667414238872767885857367443588875
656667414238872767885857367835887544
656667414238872767885857637443588875
656667414238872767885857637835887544
656667414238872767888557367443588875
656667414238872767888557367835887544
656667414238872767888557637443588875
656667414238872767888557637835887544
656667414238872768874458577363588875
656667414238872768874458577633588875
656667414238872768875448577363588875
656667414238872768875448577633588875
656667414238872768875857736443588875
656667414238872768875857736835887544
656667414238872768875857763443588875
656667414238872768875857763835887544
656667414238872768878557736443588875
656667414238872768878557736835887544
656667414238872768878557763443588875
656667414238872768878557763835887544
656667416388772427884458573673588875
656667416388772427884458576373588875
656667416388772427885448573673588875
656667416388772427885448576373588875
656667416388772427885857367443588875
656667416388772427885857367835887544
656667416388772427885857637443588875
656667416388772427885857637835887544
656667416388772427888557367443588875
656667416388772427888557367835887544
656667416388772427888557637443588875
656667416388772427888557637835887544
656667416388772428874458577363588875
656667416388772428874458577633588875
656667416388772428875448577363588875
656667416388772428875448577633588875
656667416388772428875857736443588875
656667416388772428875857736835887544
656667416388772428875857763443588875
656667416388772428875857763835887544
656667416388772428878557736443588875
656667416388772428878557736835887544
656667416388772428878557763443588875
656667416388772428878557763835887544
656667416388774227884458573673588875
656667416388774227884458576373588875
656667416388774227885448573673588875
656667416388774227885448576373588875
656667416388774227885857367443588875
656667416388774227885857367835887544
656667416388774227885857637443588875
656667416388774227885857637835887544
656667416388774227888557367443588875
656667416388774227888557367835887544
656667416388774227888557637443588875
656667416388774227888557637835887544
656667416388774228874458577363588875
656667416388774228874458577633588875
656667416388774228875448577363588875
656667416388774228875448577633588875
656667416388774228875857736443588875
656667416388774228875857736835887544
656667416388774228875857763443588875
656667416388774228875857763835887544
656667416388774228878557736443588875
656667416388774228878557736835887544
656667416388774228878557763443588875
656667416388774228878557763835887544
658436434456725762388767858875887716
658443634456275762388767858875887716
658446334456275762388767858875887716
658463434456725762388767858875887716
658467456675723842836743858875887716
658467456675723842863743858875887716
658476456675723824836743858875887716
658476456675723824863743858875887716
658836314727576477276544883587588866
658836356275762344876744858875887716
658836356275762344876785887445887716
658836356275762344876785887858771644
658836356275762384476744858875887716
658836356275762384476788587445887716
658836356275762388767445887445887716
658836356275762388767445887858771644
658836356275762388767854487445887716
658836356275762388767854487858771644
658836356275762388767858447445887716
