658836356275762388767858875448771644
658836356275762388767858875844771644
658863314727576477276544883587588866
658863356275762344876744858875887716
658863356275762344876785887445887716
658863356275762344876785887858771644
658863356275762384476744858875887716
658863356275762384476788587445887716
658863356275762388767445887445887716
658863356275762388767445887858771644
658863356275762388767854487445887716
658863356275762388767854487858771644
658863356275762388767858447445887716
658863356275762388767858875448771644
658863356275762388767858875844771644
662248844547555513687786833886687777
662248844547555513687786868863387777
662248844547555513688776338886687777
662248844547555513688776688863387777
662255554488547413687786833886687777
662255554488547413687786868863387777
662255554488547413688776338886687777
662255554488547413688776688863387777
662255554848547413687786833886687777
662255554848547413687786868863387777
662255554848547413688776338886687777
662255554848547413688776688863387777
662255554884547413687786833886687777
662255554884547413687786868863387777
662255554884547413688776338886687777
662255554884547413688776688863387777
662284844547555513687786833886687777
662284844547555513687786868863387777
662284844547555513688776338886687777
662284844547555513688776688863387777
662288444547555513687786833886687777
662288444547555513687786868863387777
662288444547555513688776338886687777
662288444547555513688776688863387777
663687388578574577643272761655488884
663687388578574577643272761655848884
663687388578574577643272761655884884
663687388578574577643272761655888484
663687388578574577643272761655888844
663687388578588767748721352454876654
663687388578588767748721352458476654
663687388578588767766721352548487544
663687388578588767766721352548847544
663687388578588767766721352584487544
663687388578588767766721352584847544
663687388578588767774821352454876654
663687388578588767774821352458476654
663687388578588767776621352548487544
663687388578588767776621352548847544
663687388578588767776621352584487544
663687388578588767776621352584847544
663687388578588767778241352454876654
663687388578588767778241352458476654
663687388578588767778421352454876654
663687388578588767778421352458476654
663687388578588767784721352454876654
663687388578588767784721352458476654
663687388578588776774416355628872544
663777348213667245756675588875488884
663777348213667245756675588875848884
663777348213667245756675588875884884
663777348213667245756675588875888484
663777348213667245756675588875888844
663777366213667254875754588875488884
663777366213667254875754588875848884
663777366213667254875754588875884884
663777366213667254875754588875888484
663777366213667254875754588875888844
663777366213667258475754588875488884
663777366213667258475754588875848884
663777366213667258475754588875884884
663777366213667258475754588875888484
663777366213667258475754588875888844
663777382413667245756675588875488884
663777382413667245756675588875848884
663777382413667245756675588875884884
663777382413667245756675588875888484
663777382413667245756675588875888844
663777384213667245756675588875488884
663777384213667245756675588875848884
663777384213667245756675588875884884
663777384213667245756675588875888484
663777384213667245756675588875888844
664444888668833225513786787655587777
664484488336862255813786787655587777
664484488668332255813786787655587777
664488224547555513687786833886687777
664488224547555513687786868863387777
664488224547555513688776338886687777
664488224547555513688776688863387777
664488233776556447771785887553288866
664488233776556447876532858875887716
664488233776556588817524477775388866
664488233776556744876358258875887716
664488233776556777441788857553882866
