664488233776556777817885447553882866
664488233776556788767588855283771644
664488233776556844776532588875887716
664488233776556874476535288875887176
664488233776556877717588447553288866
664488233776556878767588852587371644
664488233776556888665178885257777344
664488233776565888157577744273588866
664488233776886685565523881744587777
664488233776886685565523881785777744
664488233776886685567537717445288875
664488233776887678815875376244876555
664488233776887678815875556258737644
664488233776887768815875556528377644
664488267755633447771785887553288866
664488267755633447876532858875887716
664488267755633588817524477775388866
664488267755633744876358258875887716
664488267755633777441788857553882866
664488267755633777817885447553882866
664488267755633788767588855283771644
664488267755633844776532588875887716
664488267755633874476535288875887176
664488267755633877717588447553288866
664488267755633878767588852587371644
664488267755633888665178885257777344
664488267756533888157577744273588866
664488267788336685565523881744587777
664488267788336685565523881785777744
664488267788336685567537717445288875
664488267788337678815875376244876555
664488267788337678815875556258737644
664488267788337768815875556528377644
664488267788677338815875556528377644
664488332572656753876744858875887176
664488332572656753876785887445887176
664488332572656753876785887858717644
664488445523887337616755258886687777
664488445523887671675533258886687777
664488445523887857777816665533288776
664488445523887857777816665562887733
664488447537773327268878516755588866
664488447537776272887338516755588866
664488625725673353876744858875887176
664488625725673353876785887445887176
664488625725673353876785887858717644
664488833684462255813786787655587777
664488833688622551378446787655587777
664488833688622551378867765554487777
664488833688622551378867765558777744
664488866448833225513786787655587777
664488866844332255813786787655587777
664488866883322551378446787655587777
664488866883322551378867765554487777
664488866883322551378867765558777744
664488866887733655655223881744587777
664488866887733655655223881785777744
664488866887733655675237717445288875
664488866887765563355223881744587777
664488866887765563355223881785777744
664488866887765563375237717445288875
664555522488547413687786833886687777
664555522488547413687786868863387777
664555522488547413688776338886687777
664555522488547413688776688863387777
664555522848547413687786833886687777
664555522848547413687786868863387777
664555522848547413688776338886687777
664555522848547413688776688863387777
664555522884547413687786833886687777
664555522884547413687786868863387777
664555522884547413688776338886687777
664555522884547413688776688863387777
664776457618555384838543888226687777
664776457618555388223485348886687777
664776457618555388223665384888487777
664776457618555388223665387777488884
664776457618555388223665387777848884
664776457618555388223665387777884884
664776457618555388223665387777888484
664776457618555388223665387777888844
664776457618555388223665388488487777
664776457618555388223665388848487777
664776457618555388223665388884487777
664776457618555388223845348886687777
664776457618555388226365384888487777
664776457618555388226365387777488884
664776457618555388226365387777848884
664776457618555388226365387777884884
664776457618555388226365387777888484
664776457618555388226365387777888844
664776457618555388226365388488487777
664776457618555388226365388848487777
664776457618555388226365388884487777
664776457618555388226635384888487777
664776457618555388226635387777488884
664776457618555388226635387777848884
664776457618555388226635387777884884
664776457618555388226635387777888484
664776457618555388226635387777888844
