664776457618555388226635388488487777
664776457618555388226635388848487777
664776457618555388226635388884487777
664776457618555388438543888226687777
664848224547555513687786833886687777
664848224547555513687786868863387777
664848224547555513688776338886687777
664848224547555513688776688863387777
664848445523887337616755258886687777
664848445523887671675533258886687777
664848445523887857777816665533288776
664848445523887857777816665562887733
664848447537773327268878516755588866
664848447537776272887338516755588866
664884224547555513687786833886687777
664884224547555513687786868863387777
664884224547555513688776338886687777
664884224547555513688776688863387777
664884445523887337616755258886687777
664884445523887671675533258886687777
664884445523887857777816665533288776
664884445523887857777816665562887733
664884447537773327268878516755588866
664884447537776272887338516755588866
665577172765744882736434888537588866
665577172765744882763434888537588866
666387388578574577643272761655488884
666387388578574577643272761655848884
666387388578574577643272761655884884
666387388578574577643272761655888484
666387388578574577643272761655888844
666387388578588767748721352454876654
666387388578588767748721352458476654
666387388578588767766721352548487544
666387388578588767766721352548847544
666387388578588767766721352584487544
666387388578588767766721352584847544
666387388578588767774821352454876654
666387388578588767774821352458476654
666387388578588767776621352548487544
666387388578588767776621352548847544
666387388578588767776621352584487544
666387388578588767776621352584847544
666387388578588767778241352454876654
666387388578588767778241352458476654
666387388578588767778421352454876654
666387388578588767778421352458476654
666387388578588767784721352454876654
666387388578588767784721352458476654
666387388578588776774416355628872544
666524726148837768874458757363588875
666524726148837768874458757633588875
666524726148837768878575736443588875
666524726148837768878575763443588875
666542726148837768874458757363588875
666542726148837768874458757633588875
666542726148837768878575736443588875
666542726148837768878575763443588875
666567148832472768874458757363588875
666567148832472768874458757633588875
666567148832472768878575736443588875
666567148832472768878575763443588875
666567148834272768874458757363588875
666567148834272768874458757633588875
666567148834272768878575736443588875
666567148834272768878575763443588875
666567148836772488274458757363588875
666567148836772488274458757633588875
666567148836772488278575736443588875
666567148836772488278575763443588875
666567148836774288274458757363588875
666567148836774288274458757633588875
666567148836774288278575736443588875
666567148836774288278575763443588875
666576122577665538488354384888487777
666576122577665538488354387777488884
666576122577665538488354387777848884
666576122577665538488354387777884884
666576122577665538488354387777888484
666576122577665538488354387777888844
666576122577665538488354388488487777
666576122577665538488354388848487777
666576122577665538488354388884487777
666576122577665538848354384888487777
666576122577665538848354387777488884
666576122577665538848354387777848884
666576122577665538848354387777884884
666576122577665538848354387777888484
666576122577665538848354387777888844
666576122577665538848354388488487777
666576122577665538848354388848487777
666576122577665538848354388884487777
666576122577665538884354384888487777
666576122577665538884354387777488884
666576122577665538884354387777848884
666576122577665538884354387777884884
666576122577665538884354387777888484
666576122577665538884354387777888844
666576122577665538884354388488487777
666576122577665538884354388848487777
