666576122577665538884354388884487777
666657148824372768874458757363588875
666657148824372768874458757633588875
666657148824372768878575736443588875
666657148824372768878575763443588875
666657148842372768874458757363588875
666657148842372768874458757633588875
666657148842372768878575736443588875
666657148842372768878575763443588875
666657148863772488274458757363588875
666657148863772488274458757633588875
666657148863772488278575736443588875
666657148863772488278575763443588875
666657148863774288274458757363588875
666657148863774288274458757633588875
666657148863774288278575736443588875
666657148863774288278575763443588875
666657328884537588814537774654288776
666657548847427288673481757363588875
666657548847427288673481757633588875
666657584847427288673481757363588875
666657584847427288673481757633588875
666657588447247288673481757363588875
666657588447247288673481757633588875
666657588447427288673481757363588875
666657588447427288673481757633588875
666657588447678872434281757363588875
666657588447678872434281757633588875
666657588447678874234281757363588875
666657588447678874234281757633588875
666657588834715888534327774654288776
666657588843413325888757774654288776
666657588875888343241357774654288776
666675238885437588841357774654288776
666675588834314235888757774654288776
666675588843175888543372774654288776
666675588875788445857367314243882776
666675588875788445857367314423882776
666675588875788445857367314638877242
666675588875788445857367314638877422
666675588875788445857637314243882776
666675588875788445857637314423882776
666675588875788445857637314638877242
666675588875788445857637314638877422
666675588875788855734764314423828776
666675588875788855736744314243882776
666675588875788855736744314423882776
666675588875788855736744314638877242
666675588875788855736744314638877422
666675588875788855763744314243882776
666675588875788855763744314423882776
666675588875788855763744314638877242
666675588875788855763744314638877422
666675588875887445857736314243882776
666675588875887445857736314423882776
666675588875887445857736314638877242
666675588875887445857736314638877422
666675588875887445857763314243882776
666675588875887445857763314423882776
666675588875887445857763314638877242
666675588875887445857763314638877422
666675588875887855773644314243882776
666675588875887855773644314423882776
666675588875887855773644314638877242
666675588875887855773644314638877422
666675588875887855776344314243882776
666675588875887855776344314423882776
666675588875887855776344314638877242
666675588875887855776344314638877422
666675588875888432314537774654288776
666855378557464388266448138872587777
667377348217366245757665588875488884
667377348217366245757665588875848884
667377348217366245757665588875884884
667377348217366245757665588875888484
667377348217366245757665588875888844
667377384217366245757665588875488884
667377384217366245757665588875848884
667377384217366245757665588875884884
667377384217366245757665588875888484
667377384217366245757665588875888844
667548454875742321788675888758736663
667548454875742321788675888758763663
667548454875742321788675888758766363
667548454875742321788675888758766633
667548454875742328366673885875881776
667548454875742328636673885875881776
667548454875742328663673885875881776
667548454875742328666373885875881776
667548456675723482836743885875881776
667548456675723482863743885875881776
667548456675723842836743885875881776
667548456675723842863743885875881776
667548458475742321788675888758736663
667548458475742321788675888758763663
667548458475742321788675888758766363
667548458475742321788675888758766633
667548458475742328366673885875881776
667548458475742328636673885875881776
667548458475742328663673885875881776
