667548458475742328666373885875881776
667584454875742321788675888758736663
667584454875742321788675888758763663
667584454875742321788675888758766363
667584454875742321788675888758766633
667584454875742328366673885875881776
667584454875742328636673885875881776
667584454875742328663673885875881776
667584454875742328666373885875881776
667584456675723482836743885875881776
667584456675723482863743885875881776
667584456675723842836743885875881776
667584456675723842863743885875881776
667584458475742321788675888758736663
667584458475742321788675888758763663
667584458475742321788675888758766363
667584458475742321788675888758766633
667584458475742328366673885875881776
667584458475742328636673885875881776
667584458475742328663673885875881776
667584458475742328666373885875881776
667665548847427278863481753673588875
667665548847427278863481756373588875
667665548847427288763481757363588875
667665548847427288763481757633588875
667665584847427278863481753673588875
667665584847427278863481756373588875
667665584847427288763481757363588875
667665584847427288763481757633588875
667755284875444238366673885875881776
667755284875444238636673885875881776
667755284875444238663673885875881776
667755284875444238666373885875881776
667755286675444823836743885875881776
667755286675444823863743885875881776
667755286675448423836743885875881776
667755286675448423863743885875881776
667755288475444238366673885875881776
667755288475444238636673885875881776
667755288475444238663673885875881776
667755288475444238666373885875881776
667836357276156547776543888725488884
667836357276156547776543888725848884
667836357276156547776543888725884884
667836357276156547776543888725888484
667836357276156547776543888725888844
667863357276156547776543888725488884
667863357276156547776543888725848884
667863357276156547776543888725884884
667863357276156547776543888725888484
667863357276156547776543888725888844
668448445523887337616755258886687777
668448445523887671675533258886687777
668448445523887857777816665533288776
668448445523887857777816665562887733
668448447537773327268878516755588866
668448447537776272887338516755588866
668448866448833225513786787655587777
668484445523887337616755258886687777
668484445523887671675533258886687777
668484445523887857777816665533288776
668484445523887857777816665562887733
668484447537773327268878516755588866
668484447537776272887338516755588866
668844445523887337616755258886687777
668844445523887671675533258886687777
668844445523887857777816665533288776
668844445523887857777816665562887733
668844447537773327268878516755588866
668844447537776272887338516755588866
668844833644862255813786787655587777
668844857553356822581366448877687777
668844857556582258331366448877687777
668844857556582258613644338877687777
668844857556582258613644688773387777
668844866448332255813786787655587777
668844875333764485228717687867876555
668844875333768852271764487867876555
668844875333768852271768876744876555
668844875333786877615244827867876555
668844875367887337615244827867876555
668844875367887671524433827867876555
668844875367887678768715244338276555
668844875367887678768715244682755533
668844875367887678768715332448276555
668844875367887678768715334248276555
668844875367887678768715334428276555
668844875367887678768715335587652442
668844875367887678768715335587654242
668844875367887678768715335587654422
668844875367887678768715424338276555
668844875367887678768715424682755533
668844875367887678768715442338276555
668844875367887678768715442682755533
668844875367887678768715553387652442
668844875367887678768715553387654242
668844875367887678768715553387654422
668844875367887678768715556875244332
668844875367887678768715556875424332
668844875367887678768715556875442332
