668844875367887678768715624482755533
668844875367887678768715642482755533
668844875367887678768715644282755533
668844875367887678768715655875244332
668844875367887678768715655875424332
668844875367887678768715655875442332
668883364484462255813786787655587777
668883364488622551378446787655587777
668883364488622551378867765554487777
668883364488622551378867765558777744
668884443337875458176877687262876555
668884443338775458176876787262876555
668884443338775458178676787622876555
668884444578753133876877687262876555
668884444578753168787337687262876555
668884444587753133876876787262876555
668884444587753133878676787622876555
668884444587753168787336787262876555
668884444587753168787678726332876555
668884447333875458716877687262876555
668884447333875458718677687622876555
668884447458753133876877687262876555
668884447458753133878677687622876555
668884447458753168787337687262876555
668884447458753168787678726332876555
668884836874388578574577643272761655
668884837774348213667245756675588875
668884837774366213667254875754588875
668884837774366213667258475754588875
668884837774382413667245756675588875
668884837774384213667245756675588875
668884847764457618555388223665387777
668884847764457618555388226365387777
668884847764457618555388226635387777
668884863874388578574577643272761655
668884865764122577665538488354387777
668884865764122577665538848354387777
668884865764122577665538884354387777
668884873774348217366245757665588875
668884873774384217366245757665588875
668884878364357276156547776543888725
668884878634357276156547776543888725
668884888847578365372761556432777654
668884888847578635372761556432777654
668885523448733744616755258886687777
668885523448767441675533258886687777
668885523448785447777816665533288776
668885523448785447777816665562887733
668885523484733744616755258886687777
668885523484767441675533258886687777
668885523484785447777816665533288776
668885523484785447777816665562887733
668885523485633744167754258886687777
668885523485667441775334258886687777
668885523486533741467754258886687777
668885523486567414775334258886687777
668885523487433744661755258886687777
668885523487467446175533258886687777
668885523844733744616755258886687777
668885523844767441675533258886687777
668885523844785447777816665533288776
668885523844785447777816665562887733
668885523845633744167754258886687777
668885523845667441775334258886687777
668885523846533741467754258886687777
668885523846567414775334258886687777
668885523847433744661755258886687777
668885523847467446175533258886687777
668885523887337616755254488664487777
668885523887337616755254488668777744
668885523887337616755258448664487777
668885523887337616755258484664487777
668885523887337616755258844664487777
668885523887337616755258886644777744
668885523887445447777816665533288776
668885523887445447777816665562887733
668885523887445877771633775568826644
668885523887445877771644665533288776
668885523887445877771644665562887733
668885523887445877771666445523388776
668885523887445877771666445526887733
668885523887445877771667755883326644
668885523887445877771677335568866244
668885523887445877771677655883366244
668885523887671675533254488664487777
668885523887671675533254488668777744
668885523887671675533258448664487777
668885523887671675533258484664487777
668885523887671675533258844664487777
668885523887671675533258886644777744
668885523887857777441633775568826644
668885523887857777441644665533288776
668885523887857777441644665562887733
668885523887857777441666445523388776
668885523887857777441666445526887733
668885523887857777441667755883326644
668885523887857777441677335568866244
668885523887857777441677655883366244
668885523887857777816665533244877644
668885523887857777816665533248477644
