668885523887857777816665533284477644
668885523887857777816665562448774433
668885523887857777816665562484774433
668885523887857777816665562844774433
668885754875448756643776673213888275
668885754875448756647376673128388275
668885754875484756643776673213888275
668885754875484756647376673128388275
668885755334456822581366448877687777
668885755338562258136446448877687777
668885755338562258136864487764487777
668885755338562258136864487768777744
668885755446582258613644338877687777
668885755446582258613644688773387777
668885755644582258331366448877687777
668885755644582258613644338877687777
668885755644582258613644688773387777
668885755685225833136446448877687777
668885755685225833136864487764487777
668885755685225833136864487768777744
668885755685225861364444338877687777
668885755685225861364444688773387777
668885755685225861368443387764487777
668885755685225861368443387768777744
668885755685225861368446877443387777
668885755685225861368446877833777744
668885755865225861364444338877687777
668885755865225861364444688773387777
668885756675484875443776673213888275
668885756675484875447376673128388275
668885756675486675448377734213888275
668885756675486675448737734128388275
668885756675486675448773743128838275
668885756675486675484377734213888275
668885756675486675484737734128388275
668885756675488475443776673213888275
668885756675488475447376673128388275
668885756675844875443776673213888275
668885756675844875447376673128388275
668885756675846675448377734213888275
668885756675846675448737734128388275
668885756675846675448773743128838275
668885756675846675484377734213888275
668885756675846675484737734128388275
668885756675848475443776673213888275
668885756675848475447376673128388275
668885757485448615337467772273588866
668885757485448615674777233273588866
668885757485448615674887673827723653
668885757485448615674887673827726353
668885757485448756643776673213888275
668885757485448756647376673128388275
668885757485484615337467772273588866
668885757485484615674777233273588866
668885757485484615674887673827723653
668885757485484615674887673827726353
668885757485484756643776673213888275
668885757485484756647376673128388275
668885757665484875443776673213888275
668885757665484875447376673128388275
668885757665488475443776673213888275
668885757665488475447376673128388275
668885757665844875443776673213888275
668885757665844875447376673128388275
668885757665848475443776673213888275
668885757665848475447376673128388275
668885757845448615337467772273588866
668885757845448615674777233273588866
668885757845448615674887673827723653
668885757845448615674887673827726353
668885757845448756643776673213888275
668885757845448756647376673128388275
668885757845484615337467772273588866
668885757845484615674777233273588866
668885757845484615674887673827723653
668885757845484615674887673827726353
668885757845484756643776673213888275
668885757845484756647376673128388275
668885758475448756643776673213888275
668885758475448756647376673128388275
668885758475484756643776673213888275
668885758475484756647376673128388275
668885788854357736443472725566881776
668885788854357743643472275566881776
668885788854357746343472275566881776
668885788854357763443472725566881776
668885788854357767472655678814273643
668885788854357767472655678814276343
668885788854357767472656574818273643
668885788854357767472656574818276343
668885788854357767472656578418273643
668885788854357767472656578418276343
668885788854357776472655678812473643
668885788854357776472655678812476343
668886637773482136674254875754588875
668886637773482136674258475754588875
668886637773842136674254875754588875
668886637773842136674258475754588875
668886644448833225513786787655587777
668886644844332255813786787655587777
