668886644883322551378446787655587777
668886644883322551378867765554487777
668886644883322551378867765558777744
668886644887733655655223881744587777
668886644887733655655223881785777744
668886644887733655675237717445288875
668886644887765563355223881744587777
668886644887765563355223881785777744
668886644887765563375237717445288875
668887533344764485228717687867876555
668887533344768852271764487867876555
668887533344768852271768876744876555
668887533344786877615244827867876555
668887533374464485228717687867876555
668887533374468852271764487867876555
668887533374468852271768876744876555
668887533374486877615244827867876555
668887533378644522874417687867876555
668887533378644522878176786744876555
668887533378644522878176786787655544
668887533378685227441764487867876555
668887533378685227441768876744876555
668887533378685227817644786744876555
668887533378685227817644786787655544
668887533378685227817687674444876555
668887533378685227817687678447655544
668887533378867744615244827867876555
668887533378867786152442786744876555
668887533378867786152442786787655544
668887533387644522874417687867876555
668887533387644522878176786744876555
668887533387644522878176786787655544
668887533387685227441764487867876555
668887533387685227441768876744876555
668887533387685227817644786744876555
668887533387685227817644786787655544
668887533387685227817687674444876555
668887533387685227817687678447655544
668887533387867744615244827867876555
668887533387867786152442786744876555
668887533387867786152442786787655544
668887534467887671524433827867876555
668887534467887678768715244338276555
668887534467887678768715244682755533
668887534467887678768715332448276555
668887534467887678768715334248276555
668887534467887678768715334428276555
668887534467887678768715335587652442
668887534467887678768715335587654242
668887534467887678768715335587654422
668887534467887678768715424338276555
668887534467887678768715424682755533
668887534467887678768715442338276555
668887534467887678768715442682755533
668887534467887678768715553387652442
668887534467887678768715553387654242
668887534467887678768715553387654422
668887534467887678768715556875244332
668887534467887678768715556875424332
668887534467887678768715556875442332
668887534467887678768715624482755533
668887534467887678768715642482755533
668887534467887678768715644282755533
668887534467887678768715655875244332
668887534467887678768715655875424332
668887534467887678768715655875442332
668887536447887337615244827867876555
668887536447887671524433827867876555
668887536447887678768715244338276555
668887536447887678768715244682755533
668887536447887678768715332448276555
668887536447887678768715334248276555
668887536447887678768715334428276555
668887536447887678768715335587652442
668887536447887678768715335587654242
668887536447887678768715335587654422
668887536447887678768715424338276555
668887536447887678768715424682755533
668887536447887678768715442338276555
668887536447887678768715442682755533
668887536447887678768715553387652442
668887536447887678768715553387654242
668887536447887678768715553387654422
668887536447887678768715556875244332
668887536447887678768715556875424332
668887536447887678768715556875442332
668887536447887678768715624482755533
668887536447887678768715642482755533
668887536447887678768715644282755533
668887536447887678768715655875244332
668887536447887678768715655875424332
668887536447887678768715655875442332
668887536744887337615244827867876555
668887536744887671524433827867876555
668887536744887678768715244338276555
668887536744887678768715244682755533
668887536744887678768715332448276555
668887536744887678768715334248276555
668887536744887678768715334428276555
668887536744887678768715335587652442
