668887536744887678768715335587654242
668887536744887678768715335587654422
668887536744887678768715424338276555
668887536744887678768715424682755533
668887536744887678768715442338276555
668887536744887678768715442682755533
668887536744887678768715553387652442
668887536744887678768715553387654242
668887536744887678768715553387654422
668887536744887678768715556875244332
668887536744887678768715556875424332
668887536744887678768715556875442332
668887536744887678768715624482755533
668887536744887678768715642482755533
668887536744887678768715644282755533
668887536744887678768715655875244332
668887536744887678768715655875424332
668887536744887678768715655875442332
668887536788733744615244827867876555
668887536788733786152442786744876555
668887536788733786152442786787655544
668887536788767441524433827867876555
668887536788767448768715244338276555
668887536788767448768715244682755533
668887536788767448768715332448276555
668887536788767448768715334248276555
668887536788767448768715334428276555
668887536788767448768715335587652442
668887536788767448768715335587654242
668887536788767448768715335587654422
668887536788767448768715424338276555
668887536788767448768715424682755533
668887536788767448768715442338276555
668887536788767448768715442682755533
668887536788767448768715553387652442
668887536788767448768715553387654242
668887536788767448768715553387654422
668887536788767448768715556875244332
668887536788767448768715556875424332
668887536788767448768715556875442332
668887536788767448768715624482755533
668887536788767448768715642482755533
668887536788767448768715644282755533
668887536788767448768715655875244332
668887536788767448768715655875424332
668887536788767448768715655875442332
668887536788767815244332786744876555
668887536788767815244332786787655544
668887536788767887674415244338276555
668887536788767887674415244682755533
668887536788767887674415332448276555
668887536788767887674415334248276555
668887536788767887674415334428276555
668887536788767887674415335587652442
668887536788767887674415335587654242
668887536788767887674415335587654422
668887536788767887674415424338276555
668887536788767887674415424682755533
668887536788767887674415442338276555
668887536788767887674415442682755533
668887536788767887674415553387652442
668887536788767887674415553387654242
668887536788767887674415553387654422
668887536788767887674415556875244332
668887536788767887674415556875424332
668887536788767887674415556875442332
668887536788767887674415624482755533
668887536788767887674415642482755533
668887536788767887674415644282755533
668887536788767887674415655875244332
668887536788767887674415655875424332
668887536788767887674415655875442332
668887536788767887678152443327655544
668887536788767887678152446275554433
668887536788767887678153324427655544
668887536788767887678153342427655544
668887536788767887678153344227655544
668887536788767887678153355765244442
668887536788767887678153355765424442
668887536788767887678153355765442442
668887536788767887678154243327655544
668887536788767887678154246275554433
668887536788767887678154423327655544
668887536788767887678154426275554433
668887536788767887678155533765244442
668887536788767887678155533765424442
668887536788767887678155533765442442
668887536788767887678155567524444332
668887536788767887678155567542444332
668887536788767887678155567544244332
668887536788767887678156244275554433
668887536788767887678156424275554433
668887536788767887678156442275554433
668887536788767887678156557524444332
668887536788767887678156557542444332
668887536788767887678156557544244332
668887536878733744615244827867876555
668887536878733786152442786744876555
668887536878733786152442786787655544
668887536878767262878675553387154444
