668887536878767441524433827867876555
668887536878767448768715244338276555
668887536878767448768715244682755533
668887536878767448768715332448276555
668887536878767448768715334248276555
668887536878767448768715334428276555
668887536878767448768715335587652442
668887536878767448768715335587654242
668887536878767448768715335587654422
668887536878767448768715424338276555
668887536878767448768715424682755533
668887536878767448768715442338276555
668887536878767448768715442682755533
668887536878767448768715553387652442
668887536878767448768715553387654242
668887536878767448768715553387654422
668887536878767448768715556875244332
668887536878767448768715556875424332
668887536878767448768715556875442332
668887536878767448768715624482755533
668887536878767448768715642482755533
668887536878767448768715644282755533
668887536878767448768715655875244332
668887536878767448768715655875424332
668887536878767448768715655875442332
668887536878767815244332786744876555
668887536878767815244332786787655544
668887536878767887674415244338276555
668887536878767887674415244682755533
668887536878767887674415332448276555
668887536878767887674415334248276555
668887536878767887674415334428276555
668887536878767887674415335587652442
668887536878767887674415335587654242
668887536878767887674415335587654422
668887536878767887674415424338276555
668887536878767887674415424682755533
668887536878767887674415442338276555
668887536878767887674415442682755533
668887536878767887674415553387652442
668887536878767887674415553387654242
668887536878767887674415553387654422
668887536878767887674415556875244332
668887536878767887674415556875424332
668887536878767887674415556875442332
668887536878767887674415624482755533
668887536878767887674415642482755533
668887536878767887674415644282755533
668887536878767887674415655875244332
668887536878767887674415655875424332
668887536878767887674415655875442332
668887536878767887678152443327655544
668887536878767887678152446275554433
668887536878767887678153324427655544
668887536878767887678153342427655544
668887536878767887678153344227655544
668887536878767887678153355765244442
668887536878767887678153355765424442
668887536878767887678153355765442442
668887536878767887678154243327655544
668887536878767887678154246275554433
668887536878767887678154423327655544
668887536878767887678154426275554433
668887536878767887678155533765244442
668887536878767887678155533765424442
668887536878767887678155533765442442
668887536878767887678155567524444332
668887536878767887678155567542444332
668887536878767887678155567544244332
668887536878767887678156244275554433
668887536878767887678156424275554433
668887536878767887678156442275554433
668887536878767887678156557524444332
668887536878767887678156557542444332
668887536878767887678156557544244332
668887537773327264487448516755588866
668887537773327264847448516755588866
668887537773327264856485417754588866
668887537773327264865485147754588866
668887537773327264874448561755588866
668887537773327266485448157574588866
668887537773327266485484157574588866
668887537773327266845448157574588866
668887537773327266845484157574588866
668887537773327268447448516755588866
668887537773327268456485417754588866
668887537773327268465485147754588866
668887537773327268474448561755588866
668887537773327268874451675544588866
668887537773327268874451675585886644
668887537773327268878516755544886644
668887537773327268878516755584486644
668887537773327268878516755584846644
668887537773327268878516755588446644
668887537774452788445861556623388776
668887537774452788445861556626887733
668887537774452788856155337768826644
668887537774452788856155446633288776
668887537774452788856155446662887733
668887537774452788856155664423388776
