668887537774452788856155664426887733
668887537774452788856155677883326644
668887537774452788856155773368866244
668887537774452788856155776883366244
668887537774452888751633775568826644
668887537774452888751644665533288776
668887537774452888751644665562887733
668887537774452888751666445523388776
668887537774452888751666445526887733
668887537774452888751667755883326644
668887537774452888751677335568866244
668887537774452888751677655883366244
668887537776272448733448516755588866
668887537776272484733448516755588866
668887537776272485633485417754588866
668887537776272486533485147754588866
668887537776272487433448561755588866
668887537776272648533448157574588866
668887537776272648533484157574588866
668887537776272684533448157574588866
668887537776272684533484157574588866
668887537776272844733448516755588866
668887537776272845633485417754588866
668887537776272846533485147754588866
668887537776272847433448561755588866
668887537776272887334451675544588866
668887537776272887334451675585886644
668887537776272887338516755544886644
668887537776272887338516755584486644
668887537776272887338516755584846644
668887537776272887338516755588446644
668887537868767622878337655587154444
668887537868767622878675553387154444
668887538678767332214458447876876555
668887538678767332215444487867876555
668887538678767332215844876744876555
668887538678767332218584477644876555
668887538678767332286787655587154444
668887538678767441524433827867876555
668887538678767448768715244338276555
668887538678767448768715244682755533
668887538678767448768715332448276555
668887538678767448768715334248276555
668887538678767448768715334428276555
668887538678767448768715335587652442
668887538678767448768715335587654242
668887538678767448768715335587654422
668887538678767448768715424338276555
668887538678767448768715424682755533
668887538678767448768715442338276555
668887538678767448768715442682755533
668887538678767448768715553387652442
668887538678767448768715553387654242
668887538678767448768715553387654422
668887538678767448768715556875244332
668887538678767448768715556875424332
668887538678767448768715556875442332
668887538678767448768715624482755533
668887538678767448768715642482755533
668887538678767448768715644282755533
668887538678767448768715655875244332
668887538678767448768715655875424332
668887538678767448768715655875442332
668887538678767622878337655587154444
668887538678767622878675553387154444
668887568552381375574643882664487777
668887578365372761556432777654488884
668887578365372761556432777654848884
668887578365372761556432777654884884
668887578365372761556432777654888484
668887578365372761556432777654888844
668887578635372761556432777654488884
668887578635372761556432777654848884
668887578635372761556432777654884884
668887578635372761556432777654888484
668887578635372761556432777654888844
668887588854336887434727576477216655
668887588854357736443472725566881776
668887588854357743643472275566881776
668887588854357746343472275566881776
668887588854357763443472725566881776
668887588854357767472655678814273643
668887588854357767472655678814276343
668887588854357767472656574818273643
668887588854357767472656574818276343
668887588854357767472656578418273643
668887588854357767472656578418276343
668887588854357776472655678812473643
668887588854357776472655678812476343
668887588854363887434727576477216655
668887588857553664343427177254688776
668887588857556364343427177254688776
668887588857556436343427172754688776
668887588857556463343427172754688776
668887588857556634343427177254688776
668887588857556674327176574884273643
668887588857556674327176574884276343
668887588857556764327176574882473643
668887588857556764327176574882476343
668887588857755664327167754428873643
