668887588857755664327167754428876343
668888223665831477738758854654777654
668888223665831477738758856454777654
668888226365831477738758854654777654
668888226365831477738758856454777654
668888226635831477738758854654777654
668888226635831477738758856454777654
668888226653831477738758854654777654
668888226653831477738758856454777654
668888226778773658314588354654777654
668888226778773658314588356454777654
668888226778776358314588354654777654
668888226778776358314588356454777654
668888226778776538314588354654777654
668888226778776538314588356454777654
668888436874388578574577643272761655
668888437774348213667245756675588875
668888437774366213667254875754588875
668888437774366213667258475754588875
668888437774382413667245756675588875
668888437774384213667245756675588875
668888447764457618555388223665387777
668888447764457618555388226365387777
668888447764457618555388226635387777
668888463874388578574577643272761655
668888465764122577665538488354387777
668888465764122577665538848354387777
668888465764122577665538884354387777
668888473774348217366245757665588875
668888473774384217366245757665588875
668888478364357276156547776543888725
668888478634357276156547776543888725
668888488847578365372761556432777654
668888488847578635372761556432777654
674444733376556725888257588861688776
674444736765573325888257588861688776
674474435865525788677518886623388776
674474435865525788677518886626887733
674478356552544788677518886623388776
674478356552544788677518886626887733
674478356552587885717688337768826644
674478356552587885717688446633288776
674478356552587885717688446662887733
674478356552587885717688664423388776
674478356552587885717688664426887733
674478356552587885717688677883326644
674478356552587885717688773368866244
674478356552587885717688776883366244
674577432678874236887438516755588866
674577432678874263887438516755588866
674856456677532428836743858875881776
674856456677532428863743858875881776
675536434286725464838767858875887716
675543634286275464838767858875887716
675546334286275464838767858875887716
675558276654841583873643884772688776
675558276654841583874363884727688776
675558276654841583874633884727688776
675558276654841583876343884772688776
675558276654841583876788767848273643
675558276654841583876788767848276343
675558276654841583876788767884273643
675558276654841583876788767884276343
675558276654841583877688767882473643
675558276654841583877688767882476343
675563434286725464838767858875887716
675567286654748342836743858875887716
675567286654748342863743858875887716
675576286654748324836743858875887716
675576286654748324863743858875887716
675576826674544238836743858875881776
675576826674544238863743858875881776
675666221677556583488354384888487777
675666221677556583488354387777488884
675666221677556583488354387777848884
675666221677556583488354387777884884
675666221677556583488354387777888484
675666221677556583488354387777888844
675666221677556583488354388488487777
675666221677556583488354388848487777
675666221677556583488354388884487777
675666221677556583848354384888487777
675666221677556583848354387777488884
675666221677556583848354387777848884
675666221677556583848354387777884884
675666221677556583848354387777888484
675666221677556583848354387777888844
675666221677556583848354388488487777
675666221677556583848354388848487777
675666221677556583848354388884487777
675666221677556583884354384888487777
675666221677556583884354387777488884
675666221677556583884354387777848884
675666221677556583884354387777884884
675666221677556583884354387777888484
675666221677556583884354387777888844
675666221677556583884354388488487777
675666221677556583884354388848487777
675666221677556583884354388884487777
676548456675723428836743885875881776
