676548456675723428863743885875881776
676584456675723428836743885875881776
676584456675723428863743885875881776
676755286675444283836743885875881776
676755286675444283863743885875881776
677444435865552787687158886633288776
677444435865552787687158886662887733
677444437336557652888527588816688776
677444437665573352888527588816688776
677448356555244787687158886633288776
677448356555244787687158886662887733
677448356555287876744158886633288776
677448356555287876744158886662887733
677448356555287876781588664433288776
677448356555287876781588664462887733
677448356555287876781588668332877644
677448356555287876781588668628774433
677448356555287885177338867768826644
677448356555287885177688337768826644
677448356555287885177688446633288776
677448356555287885177688446662887733
677448356555287885177688664423388776
677448356555287885177688664426887733
677448356555287885177688677883326644
677448356555287885177688773368866244
677448356555287885177688776883366244
677448443326655687771785887553288866
677448443326655687876532858875887716
677448446536556383228767858875887716
677448446563556383228767858875887716
677448833266881776853445287876876555
677448833266881776853852877644876555
677448865368383172267844587876876555
677448865368383172267885877644876555
677448865638383172267844587876876555
677448865638383172267885877644876555
677466467558155832283665384888487777
677466467558155832283665387777488884
677466467558155832283665387777848884
677466467558155832283665387777884884
677466467558155832283665387777888484
677466467558155832283665387777888844
677466467558155832283665388488487777
677466467558155832283665388848487777
677466467558155832283665388884487777
677466467558155832284835348886687777
677466467558155832286365384888487777
677466467558155832286365387777488884
677466467558155832286365387777848884
677466467558155832286365387777884884
677466467558155832286365387777888484
677466467558155832286365387777888844
677466467558155832286365388488487777
677466467558155832286365388848487777
677466467558155832286365388884487777
677466467558155832286635384888487777
677466467558155832286635387777488884
677466467558155832286635387777848884
677466467558155832286635387777884884
677466467558155832286635387777888484
677466467558155832286635387777888844
677466467558155832286635388488487777
677466467558155832286635388848487777
677466467558155832286635388884487777
677466467558155832288435348886687777
677466467558155834883543822886687777
677466467558155838483543822886687777
677484443326655687771785887553288866
677484443326655687876532858875887716
677484446536556383228767858875887716
677484446563556383228767858875887716
677722545645883683348615548886687777
677722545645883683366615584888487777
677722545645883683366615587777488884
677722545645883683366615587777848884
677722545645883683366615587777884884
677722545645883683366615587777888484
677722545645883683366615587777888844
677722545645883683366615588488487777
677722545645883683366615588848487777
677722545645883683366615588884487777
677722545645883683384615548886687777
677722545645886383348615548886687777
677722545645886383366615584888487777
677722545645886383366615587777488884
677722545645886383366615587777848884
677722545645886383366615587777884884
677722545645886383366615587777888484
677722545645886383366615587777888844
677722545645886383366615588488487777
677722545645886383366615588848487777
677722545645886383366615588884487777
677722545645886383384615548886687777
677736362255884583448615548886687777
677736362255884583466615584888487777
677736362255884583466615587777488884
677736362255884583466615587777848884
677736362255884583466615587777884884
677736362255884583466615587777888484
677736362255884583466615587777888844
