677736362255884583466615588488487777
677736362255884583466615588848487777
677736362255884583466615588884487777
677736362255884583484615548886687777
677736364558822583448615548886687777
677736364558822583466615584888487777
677736364558822583466615587777488884
677736364558822583466615587777848884
677736364558822583466615587777884884
677736364558822583466615587777888484
677736364558822583466615587777888844
677736364558822583466615588488487777
677736364558822583466615588848487777
677736364558822583466615588884487777
677736364558822583484615548886687777
677736364558845832248615548886687777
677736364558845832266615584888487777
677736364558845832266615587777488884
677736364558845832266615587777848884
677736364558845832266615587777884884
677736364558845832266615587777888484
677736364558845832266615587777888844
677736364558845832266615588488487777
677736364558845832266615588848487777
677736364558845832266615588884487777
677736364558845832284615548886687777
677736365225884583448615548886687777
677736365225884583466615584888487777
677736365225884583466615587777488884
677736365225884583466615587777848884
677736365225884583466615587777884884
677736365225884583466615587777888484
677736365225884583466615587777888844
677736365225884583466615588488487777
677736365225884583466615588848487777
677736365225884583466615588884487777
677736365225884583484615548886687777
677736365458822583448615548886687777
677736365458822583466615584888487777
677736365458822583466615587777488884
677736365458822583466615587777848884
677736365458822583466615587777884884
677736365458822583466615587777888484
677736365458822583466615587777888844
677736365458822583466615588488487777
677736365458822583466615588848487777
677736365458822583466615588884487777
677736365458822583484615548886687777
677736365458845832248615548886687777
677736365458845832266615584888487777
677736365458845832266615587777488884
677736365458845832266615587777848884
677736365458845832266615587777884884
677736365458845832266615587777888484
677736365458845832266615587777888844
677736365458845832266615588488487777
677736365458845832266615588848487777
677736365458845832266615588884487777
677736365458845832284615548886687777
677745225645883683348615548886687777
677745225645883683366615584888487777
677745225645883683366615587777488884
677745225645883683366615587777848884
677745225645883683366615587777884884
677745225645883683366615587777888484
677745225645883683366615587777888844
677745225645883683366615588488487777
677745225645883683366615588848487777
677745225645883683366615588884487777
677745225645883683384615548886687777
677745225645886383348615548886687777
677745225645886383366615584888487777
677745225645886383366615587777488884
677745225645886383366615587777848884
677745225645886383366615587777884884
677745225645886383366615587777888484
677745225645886383366615587777888844
677745225645886383366615588488487777
677745225645886383366615588848487777
677745225645886383366615588884487777
677745225645886383384615548886687777
677745456588223683348615548886687777
677745456588223683366615584888487777
677745456588223683366615587777488884
677745456588223683366615587777848884
677745456588223683366615587777884884
677745456588223683366615587777888484
677745456588223683366615587777888844
677745456588223683366615588488487777
677745456588223683366615588848487777
677745456588223683366615588884487777
677745456588223683384615548886687777
677745456588226383348615548886687777
677745456588226383366615584888487777
677745456588226383366615587777488884
677745456588226383366615587777848884
677745456588226383366615587777884884
677745456588226383366615587777888484
677745456588226383366615587777888844
677745456588226383366615588488487777
