677745456588226383366615588848487777
677745456588226383366615588884487777
677745456588226383384615548886687777
677752245645883683348615548886687777
677752245645883683366615584888487777
677752245645883683366615587777488884
677752245645883683366615587777848884
677752245645883683366615587777884884
677752245645883683366615587777888484
677752245645883683366615587777888844
677752245645883683366615588488487777
677752245645883683366615588848487777
677752245645883683366615588884487777
677752245645883683384615548886687777
677752245645886383348615548886687777
677752245645886383366615584888487777
677752245645886383366615587777488884
677752245645886383366615587777848884
677752245645886383366615587777884884
677752245645886383366615587777888484
677752245645886383366615587777888844
677752245645886383366615588488487777
677752245645886383366615588848487777
677752245645886383366615588884487777
677752245645886383384615548886687777
677754225645883683348615548886687777
677754225645883683366615584888487777
677754225645883683366615587777488884
677754225645883683366615587777848884
677754225645883683366615587777884884
677754225645883683366615587777888484
677754225645883683366615587777888844
677754225645883683366615588488487777
677754225645883683366615588848487777
677754225645883683366615588884487777
677754225645883683384615548886687777
677754225645886383348615548886687777
677754225645886383366615584888487777
677754225645886383366615587777488884
677754225645886383366615587777848884
677754225645886383366615587777884884
677754225645886383366615587777888484
677754225645886383366615587777888844
677754225645886383366615588488487777
677754225645886383366615588848487777
677754225645886383366615588884487777
677754225645886383384615548886687777
677754423678874236887438516755588866
677754423678874263887438516755588866
677754456588223683348615548886687777
677754456588223683366615584888487777
677754456588223683366615587777488884
677754456588223683366615587777848884
677754456588223683366615587777884884
677754456588223683366615587777888484
677754456588223683366615587777888844
677754456588223683366615588488487777
677754456588223683366615588848487777
677754456588223683366615588884487777
677754456588223683384615548886687777
677754456588226383348615548886687777
677754456588226383366615584888487777
677754456588226383366615587777488884
677754456588226383366615587777848884
677754456588226383366615587777884884
677754456588226383366615587777888484
677754456588226383366615587777888844
677754456588226383366615588488487777
677754456588226383366615588848487777
677754456588226383366615588884487777
677754456588226383384615548886687777
677754456588458346683153882286687777
677754456588458347736153877868228866
677754456588458347763153877868228866
677754456588458348366153822886687777
677754456588458348636153822886687777
677754456588458348663153822886687777
677763362255884583448615548886687777
677763362255884583466615584888487777
677763362255884583466615587777488884
677763362255884583466615587777848884
677763362255884583466615587777884884
677763362255884583466615587777888484
677763362255884583466615587777888844
677763362255884583466615588488487777
677763362255884583466615588848487777
677763362255884583466615588884487777
677763362255884583484615548886687777
677763364558822583448615548886687777
677763364558822583466615584888487777
677763364558822583466615587777488884
677763364558822583466615587777848884
677763364558822583466615587777884884
677763364558822583466615587777888484
677763364558822583466615587777888844
677763364558822583466615588488487777
677763364558822583466615588848487777
677763364558822583466615588884487777
677763364558822583484615548886687777
677763364558845832248615548886687777
