677763364558845832266615584888487777
677763364558845832266615587777488884
677763364558845832266615587777848884
677763364558845832266615587777884884
677763364558845832266615587777888484
677763364558845832266615587777888844
677763364558845832266615588488487777
677763364558845832266615588848487777
677763364558845832266615588884487777
677763364558845832284615548886687777
677763365225884583448615548886687777
677763365225884583466615584888487777
677763365225884583466615587777488884
677763365225884583466615587777848884
677763365225884583466615587777884884
677763365225884583466615587777888484
677763365225884583466615587777888844
677763365225884583466615588488487777
677763365225884583466615588848487777
677763365225884583466615588884487777
677763365225884583484615548886687777
677763365458822583448615548886687777
677763365458822583466615584888487777
677763365458822583466615587777488884
677763365458822583466615587777848884
677763365458822583466615587777884884
677763365458822583466615587777888484
677763365458822583466615587777888844
677763365458822583466615588488487777
677763365458822583466615588848487777
677763365458822583466615588884487777
677763365458822583484615548886687777
677763365458845832248615548886687777
677763365458845832266615584888487777
677763365458845832266615587777488884
677763365458845832266615587777848884
677763365458845832266615587777884884
677763365458845832266615587777888484
677763365458845832266615587777888844
677763365458845832266615588488487777
677763365458845832266615588848487777
677763365458845832266615588884487777
677763365458845832284615548886687777
677844443326655687771785887553288866
677844443326655687876532858875887716
677844446536556383228767858875887716
677844446563556383228767858875887716
677844833266888578716786735442876555
677882434723678153887585887544766665
677882434726378153887585887544766665
677883325788857556762447617445388866
677883325788857556762447617853886644
677883326644881776853445287876876555
677883326644881776853852877644876555
677883326655644447771785887553288866
677883326655644447876532858875887716
677883326655644588817524477775388866
677883326655644744876358258875887716
677883326655644777441788857553882866
677883326655644777817885447553882866
677883326655644788767588855283771644
677883326655644844776532588875887716
677883326655644874476535288875887176
677883326655644877717588447553288866
677883326655644878767588852587371644
677883326655644888665178885257777344
677883326655684477644532588875887716
677883326655684477685325887445887716
677883326655687447644535288875887176
677883326655687447653442858875887716
677883326655687447653828587445887716
677883326655687447653828587544887176
677883326655687447653828587678875144
677883326655687447653828587768871544
677883326655687447685352887445887176
677883326655687447685352887544881776
677883326655687447685352887678875144
677883326655687447685352887768871544
677883326655687771744588447553288866
677883326655687771785448744553288866
677883326655687771785484744553288866
677883326655687771785844744553288866
677883326655687771785887553244886644
677883326655687771785887553248486644
677883326655687771785887553248846644
677883326655687771785887553284486644
677883326655687771785887553284846644
677883326655687771785887553288446644
677883326655687876447588852587371644
677883326655687876532445887445887716
677883326655687876532445887858771644
677883326655687876532854487445887716
677883326655687876532854487858771644
677883326655687876532858447445887716
677883326655687876532858447544887176
677883326655687876532858447678875144
677883326655687876532858447768871544
677883326655687876532858875448771644
677883326655687876532858875844771644
677883326655687876875884452587371644
