677883326655688866445178885257777344
677883326655688866851788544257777344
677883326656544888157577744273588866
677883326656588815744577744273588866
677883326684488578716786735442876555
677883326688446685565523881744587777
677883326688446685565523881785777744
677883326688446685567537717445288875
677883326688447678815875376244876555
677883326688447678815875556258737644
677883326688447768815875556528377644
677883326688857844716786735442876555
677883326688857887167445376244876555
677883326688857887167445556258737644
677883326688857887167673544442876555
677883326688857887167673584427655544
677883326688857887167853762447655544
677883326688857887167855562573764444
677884234723678153887585887544766665
677884234726378153887585887544766665
677885144788337675562582447675388866
677885144788677556332582447675388866
677885144788852573768446665533288776
677885144788852573768446665562887733
677886536448383172267844587876876555
677886536448383172267885877644876555
677886536556344322876744858875887716
677886536556344322876785887445887716
677886536556344322876785887858771644
677886536556383224476744858875887716
677886536556383224476788587445887716
677886536556383224476788587544887176
677886536556383224476788587678875144
677886536556383224476788587768871544
677886536556383228767445887445887716
677886536556383228767445887858771644
677886536556383228767854487445887716
677886536556383228767854487858771644
677886536556383228767858447445887716
677886536556383228767858447544887176
677886536556383228767858447678875144
677886536556383228767858447768871544
677886536556383228767858875448771644
677886536556383228767858875844771644
677886563448383172267844587876876555
677886563448383172267885877644876555
677886563556344322876744858875887716
677886563556344322876785887445887716
677886563556344322876785887858771644
677886563556383224476744858875887716
677886563556383224476788587445887716
677886563556383224476788587544887176
677886563556383224476788587678875144
677886563556383224476788587768871544
677886563556383228767445887445887716
677886563556383228767445887858771644
677886563556383228767854487445887716
677886563556383228767854487858771644
677886563556383228767858447445887716
677886563556383228767858447544887176
677886563556383228767858447678875144
677886563556383228767858447768871544
677886563556383228767858875448771644
677886563556383228767858875844771644
677886581485834583573582246666487777
677886581845834583573582246666487777
677886688851788852572335567673764444
677886688851788852572655677333764444
677886743277544236887438516755588866
677886743277544263887438516755588866
677886761557427723645434888357588866
677886761557427723654434888537588866
677886761557427726345434888357588866
677886761557427726354434888537588866
677886777544242336615547388857588866
677886777544242363615547388857588866
677886777544242366315547388857588866
677886778842367455638548565432881776
677886778842367455638584565432881776
677886778842637455638548565432881776
677886778842637455638584565432881776
678456456677532428836743858875881776
678456456677532428863743858875881776
678786778842367488385431756648276555
678786778842637488385431756648276555
678872434727368153887585887544766665
678872434727638153887585887544766665
678873325788857556762447617445388866
678873325788857556762447617853886644
678874234727368153887585887544766665
678874234727638153887585887544766665
678875144788337675562582447675388866
678875144788677556332582447675388866
678876527156438645427687876435388875
678876716755422773645434853887588866
678876716755422776345434853887588866
678876734772544236887438516755588866
678876734772544263887438516755588866
678876774574243236165547385887588866
678876774574243263165547385887588866
