678876778842367488385765558341726654
678876778842637488385765558341726654
683388664488677655655223881744587777
683388664488677655655223881785777744
683388664488677655675237717445288875
684468866448833225513786787655587777
684477866844877683322558137867876555
685557744625447387687158886633288776
685557744625447387687158886662887733
685557744674488677851268277533388866
685557786744844523372716887675388866
685557786744844526727183387675388866
685557786744844526727186877533388866
685557786744867447851268277533388866
685557786744867875126824477533388866
686448866448833225513786787655587777
686844833622486455813786787655587777
686844833644862255813786787655587777
686844866224843355813786787655587777
686844866448332255813786787655587777
686883362248446455813786787655587777
686883362248864551378446787655587777
686883362248864551378867765554487777
686883362248864551378867765558777744
686883364484462255813786787655587777
686883364488622551378446787655587777
686883364488622551378867765554487777
686883364488622551378867765558777744
686886334488677655655223881744587777
686886334488677655655223881785777744
686886334488677655675237717445288875
686886622484443355813786787655587777
686886622488433551378446787655587777
686886622488433551378867765554487777
686886622488433551378867765558777744
686886644448833225513786787655587777
686886644844332255813786787655587777
686886644883322551378446787655587777
686886644883322551378867765554487777
686886644883322551378867765558777744
686886644887733655655223881744587777
686886644887733655655223881785777744
686886644887733655675237717445288875
686886644887765563355223881744587777
686886644887765563355223881785777744
686886644887765563375237717445288875
687555876723326878767837551444488866
687555876723326878767837551466888444
687555876726287833767837551444488866
687555876726287833767837551466888444
687555876726287867783337551444488866
687555876726287867783337551466888444
687555876726287867785147533344488866
687555876726287867785147533366888444
687555876726287873367873551444488866
687555876726287873367873551466888444
687555876726287876783373551444488866
687555876726287876783373551466888444
687555876726287876785174533344488866
687555876726287876785174533366888444
687744356555244788767158886633288776
687744356555244788767158886662887733
687744833446865381522655758886687777
687744864468533381522655758886687777
687744864468536815225573358886687777
687744866844778683322558137867876555
687783344684465381522655758886687777
687783344688653152265574458886687777
687783344688653152265578588664487777
687783344688653152265578588668777744
687786446844533381522655758886687777
687786446844536815225573358886687777
687786446885333152265574458886687777
687786446885333152265578588664487777
687786446885333152265578588668777744
687786446885361522557443358886687777
687786446885361522557833588664487777
687786446885361522557833588668777744
687786684444778683322558137867876555
687786684487768443322558137867876555
687786684487768833225513786744876555
687786684487768833225513786787655544
687786833448677877686886422735515554
687786833826446778866887742375555514
687786833886688776482267744375555514
687786833886688776484677422375555514
687786833886688776486227744375555514
687786833886688776486477422375555514
687786833886688776842267744375555514
687786833886688776844677422375555514
687786833886688776846227744375555514
687786833886688776846477422375555514
687786864487733877686886422735515554
687786868863388776482267744375555514
687786868863388776484677422375555514
687786868863388776486227744375555514
687786868863388776486477422375555514
687786868863388776842267744375555514
687786868863388776844677422375555514
687786868863388776846227744375555514
