687786868863388776846477422375555514
688446833688677655622558813754487777
688446833688677655622558813758777744
688446866883377655622558813754487777
688446866883377655622558813758777744
688446866886775563322558813754487777
688446866886775563322558813758777744
688644833688677655622558813754487777
688644833688677655622558813758777744
688644866883377655622558813754487777
688644866883377655622558813758777744
688644866886775563322558813754487777
688644866886775563322558813758777744
688683368844677655622558813754487777
688683368844677655622558813758777744
688686644224848335513786787655587777
688686644448833225513786787655587777
688686688443377655622558813754487777
688686688443377655622558813758777744
688686688446775563322558813754487777
688686688446775563322558813758777744
688773344688686655622558813754487777
688773344688686655622558813758777744
688773345588646461355745228886687777
688773364488686655622558813754487777
688773364488686655622558813758777744
688773368886664455622558813754487777
688773368886664455622558813758777744
688773386886662245564558813754487777
688773386886662245564558813758777744
688773386886664455622558813754487777
688773386886664455622558813758777744
688776257564136485427687876435388875
688776338448668868642273855174777555
688776338448677877686886422735515554
688776338886682264864437851574777555
688776338886682268464437851574777555
688776338886683748514422668574777555
688776338886683748514446685722777555
688776338886683748514462268574777555
688776338886683748514464685722777555
688776338886683748514466228574777555
688776338886683748514466485722777555
688776338886683784514422668574777555
688776338886683784514446685722777555
688776338886683784514462268574777555
688776338886683784514464685722777555
688776338886683784514466228574777555
688776338886683784514466485722777555
688776338886684226864473855174777555
688776338886684468642273855174777555
688776338886684622864473855174777555
688776338886684648622437851574777555
688776338886684648642273855174777555
688776338886684684622437851574777555
688776338886686224864437851574777555
688776338886686228464437851574777555
688776338886686448622437851574777555
688776338886686484622437851574777555
688776338886688776482267744375555514
688776338886688776484677422375555514
688776338886688776486227744375555514
688776338886688776486477422375555514
688776338886688776842267744375555514
688776338886688776844677422375555514
688776338886688776846227744375555514
688776338886688776846477422375555514
688776446448538331522655758886687777
688776446448538615225573358886687777
688776446888336655622558813754487777
688776446888336655622558813758777744
688776446888665563322558813754487777
688776446888665563322558813758777744
688776455884336461355745228886687777
688776455884664135574335228886687777
688776644888336655622558813754487777
688776644888336655622558813758777744
688776644888665563322558813754487777
688776644888665563322558813758777744
688776684444877683322558137867876555
688776684486833868642273855174777555
688776684487733877686886422735515554
688776688833664455622558813754487777
688776688833664455622558813758777744
688776688863382264864437851574777555
688776688863382268464437851574777555
688776688863383748514422668574777555
688776688863383748514446685722777555
688776688863383748514462268574777555
688776688863383748514464685722777555
688776688863383748514466228574777555
688776688863383748514466485722777555
688776688863383784514422668574777555
688776688863383784514446685722777555
688776688863383784514462268574777555
688776688863383784514464685722777555
688776688863383784514466228574777555
688776688863383784514466485722777555
688776688863384226864473855174777555
688776688863384468642273855174777555
