688776688863384622864473855174777555
688776688863384648622437851574777555
688776688863384648642273855174777555
688776688863384684622437851574777555
688776688863386224864437851574777555
688776688863386228464437851574777555
688776688863386448622437851574777555
688776688863386484622437851574777555
688776688863388776482267744375555514
688776688863388776484677422375555514
688776688863388776486227744375555514
688776688863388776486477422375555514
688776688863388776842267744375555514
688776688863388776844677422375555514
688776688863388776846227744375555514
688776688863388776846477422375555514
688776688866445563322558813754487777
688776688866445563322558813758777744
688776778864468866285337552487375514
688776778864468866285547713874255533
688776778864468866285553372487731554
688776778864468866285573354287371554
688776778864468866287335554283775514
688776778864468866287455731874552533
688776778864468866287554713847525533
688776778864468866287745531847555233
688776868833662245564558813754487777
688776868833662245564558813758777744
688776868833664455622558813754487777
688776868833664455622558813758777744
688776868866224556433558813754487777
688776868866224556433558813758777744
688776868866445563322558813754487777
688776868866445563322558813758777744
688833664488677665555223188744587777
688833664488677665555223188785777744
688863368844677655622558813754487777
688863368844677655622558813758777744
688866334488677665555223188744587777
688866334488677665555223188785777744
688866644887733665555223188744587777
688866644887733665555223188785777744
688866644887766553355223188744587777
688866644887766553355223188785777744
688866688443377655622558813754487777
688866688443377655622558813758777744
688866688446775563322558813754487777
688866688446775563322558813758777744
724566626413887767885448573673588875
724566626413887767885448576373588875
724566626413887767885857367443588875
724566626413887767885857637443588875
724788264373671445366667588857588875
724788264373671445388875566667588875
724788264373671445388875576666588875
724788264373671445388875578885766665
724788264373671445388875588875766665
724788264373671853887544566667588875
724788264373671853887544576666588875
724788264373671853887544578885766665
724788264373671853887544588875766665
724788264373671853887585887544766665
724788264376371445366667588857588875
724788264376371445388875566667588875
724788264376371445388875576666588875
724788264376371445388875578885766665
724788264376371445388875588875766665
724788264376371853887544566667588875
724788264376371853887544576666588875
724788264376371853887544578885766665
724788264376371853887544588875766665
724788264376371853887585887544766665
724887264377361445388875566667588875
724887264377361445388875576666588875
724887264377361445388875578885766665
724887264377361445388875588875766665
724887264377361853887544566667588875
724887264377361853887544576666588875
724887264377361853887544578885766665
724887264377361853887544588875766665
724887264377361853887585887544766665
724887264377631445388875566667588875
724887264377631445388875576666588875
724887264377631445388875578885766665
724887264377631445388875588875766665
724887264377631853887544566667588875
724887264377631853887544576666588875
724887264377631853887544578885766665
724887264377631853887544588875766665
724887264377631853887585887544766665
733555842377551486886266448877688776
733555842377551488686266448877688776
733555842377551488866266448877688776
733788652788857556762447617445388866
733788652788857556762447617853886644
733887652788857556762447617445388866
733887652788857556762447617853886644
736668388578577457643277261655488884
736668388578577457643277261655848884
736668388578577457643277261655884884
