736668388578577457643277261655888484
736668388578577457643277261655888844
736677348217366245757665588875488884
736677348217366245757665588875848884
736677348217366245757665588875884884
736677348217366245757665588875888484
736677348217366245757665588875888844
736677366217366254875754588875488884
736677366217366254875754588875848884
736677366217366254875754588875884884
736677366217366254875754588875888484
736677366217366254875754588875888844
736677366217366258475754588875488884
736677366217366258475754588875848884
736677366217366258475754588875884884
736677366217366258475754588875888484
736677366217366258475754588875888844
736677382417366245757665588875488884
736677382417366245757665588875848884
736677382417366245757665588875884884
736677382417366245757665588875888484
736677382417366245757665588875888844
736677384217366245757665588875488884
736677384217366245757665588875848884
736677384217366245757665588875884884
736677384217366245757665588875888484
736677384217366245757665588875888844
742566626413887767885448573673588875
742566626413887767885448576373588875
742566626413887767885857367443588875
742566626413887767885857637443588875
742788264373671445366667588857588875
742788264373671445388875566667588875
742788264373671445388875576666588875
742788264373671445388875578885766665
742788264373671445388875588875766665
742788264373671853887544566667588875
742788264373671853887544576666588875
742788264373671853887544578885766665
742788264373671853887544588875766665
742788264373671853887585887544766665
742788264376371445366667588857588875
742788264376371445388875566667588875
742788264376371445388875576666588875
742788264376371445388875578885766665
742788264376371445388875588875766665
742788264376371853887544566667588875
742788264376371853887544576666588875
742788264376371853887544578885766665
742788264376371853887544588875766665
742788264376371853887585887544766665
742887264377361445388875566667588875
742887264377361445388875576666588875
742887264377361445388875578885766665
742887264377361445388875588875766665
742887264377361853887544566667588875
742887264377361853887544576666588875
742887264377361853887544578885766665
742887264377361853887544588875766665
742887264377361853887585887544766665
742887264377631445388875566667588875
742887264377631445388875576666588875
742887264377631445388875578885766665
742887264377631445388875588875766665
742887264377631853887544566667588875
742887264377631853887544576666588875
742887264377631853887544578885766665
742887264377631853887544588875766665
742887264377631853887585887544766665
743688347261557677726454885387588866
743688347261557688526455438886687777
744447673336765552888527588816688776
744447676367553352888527588816688776
744524433268555718768767887673588866
744524462855533718768767887673588866
744533244268555718768767887673588866
744533424268555718768767887673588866
744533442268555718768767887673588866
744533556852447218768767887673588866
744533556854247218768767887673588866
744533556854427218768767887673588866
744542433268555718768767887673588866
744542462855533718768767887673588866
744544233268555718768767887673588866
744544262855533718768767887673588866
744555336852447218768767887673588866
744555336854247218768767887673588866
744555336854427218768767887673588866
744555684476788767815628727333588866
744555685244337218768767887673588866
744555685424337218768767887673588866
744555685442337218768767887673588866
744555688767854433272617887673588866
744555688767854462721783387673588866
744555688767854462721786877333588866
744555688767876447815628727333588866
744555688767876871562874427333588866
744562442855533718768767887673588866
744564242855533718768767887673588866
744564422855533718768767887673588866
