744565585244337218768767887673588866
744565585424337218768767887673588866
744565585442337218768767887673588866
744678445178885786787657326588236653
744678445178885786787657326588263653
744678851788544786787657326588236653
744678851788544786787657326588263653
744687332178678445782687768663885555
744687332178678857826744768663885555
744768351544288785877686665533288776
744768351544288785877686665562887733
744768351582887544877686665533288776
744768351582887544877686665562887733
744768351582887588776633775568826644
744768351582887588776644665533288776
744768351582887588776644665562887733
744768351582887588776666445523388776
744768351582887588776666445526887733
744768351582887588776667755883326644
744768351582887588776677335568866244
744768351582887588776677655883366244
744768441578885528377686665533288776
744768441578885528377686665562887733
744768815788544528377686665533288776
744768815788544528377686665562887733
745488314664555526287786833886687777
745488314664555526287786868863387777
745488314664555526288776338886687777
745488314664555526288776688863387777
745555531468822644677886833886687777
745555531468822644677886868863387777
745555531468846422677886833886687777
745555531468846422677886868863387777
745555531468862244677886833886687777
745555531468862244677886868863387777
745555531468864422677886833886687777
745555531468864422677886868863387777
745555531468882668877688644623387777
745555531486822644677886833886687777
745555531486822644677886868863387777
745555531486822644687786338886687777
745555531486822644687786688863387777
745555531486846422677886833886687777
745555531486846422677886868863387777
745555531486846422687786338886687777
745555531486846422687786688863387777
745555531486862244677886833886687777
745555531486862244677886868863387777
745555531486862244687786338886687777
745555531486862244687786688863387777
745555531486864422677886833886687777
745555531486864422677886868863387777
745555531486864422687786338886687777
745555531486864422687786688863387777
745555531486882668877688644623387777
745555531487722644687786833886688776
745555531487722644687786868863388776
745555531487722644688776338886688776
745555531487722644688776688863388776
745555531487722644867786833886688776
745555531487722644867786868863388776
745555531487722644868776338886688776
745555531487722644868776688863388776
745555531487746422687786833886688776
745555531487746422687786868863388776
745555531487746422688776338886688776
745555531487746422688776688863388776
745555531487746422867786833886688776
745555531487746422867786868863388776
745555531487746422868776338886688776
745555531487746422868776688863388776
745555531487762244687786833886688776
745555531487762244687786868863388776
745555531487762244688776338886688776
745555531487762244688776688863388776
745555531487762244867786833886688776
745555531487762244867786868863388776
745555531487762244868776338886688776
745555531487762244868776688863388776
745555531487764422687786833886688776
745555531487764422687786868863388776
745555531487764422688776338886688776
745555531487764422688776688863388776
745555531487764422867786833886688776
745555531487764422867786868863388776
745555531487764422868776338886688776
745555531487764422868776688863388776
745555531487782668877688644623388776
745555531487782686877688644623388776
745555531488622644677886833886687777
745555531488622644677886868863387777
745555531488622644687786338886687777
745555531488622644687786688863387777
745555531488646422677886833886687777
745555531488646422677886868863387777
745555531488646422687786338886687777
745555531488646422687786688863387777
745555531488662244677886833886687777
745555531488662244677886868863387777
745555531488662244687786338886687777
