745555531488662244687786688863387777
745555531488664422677886833886687777
745555531488664422677886868863387777
745555531488664422687786338886687777
745555531488664422687786688863387777
745555531488682668877688644623387777
745555531648864426287786833886687777
745555531648864426287786868863387777
745555531648864426288776338886687777
745555531648864426288776688863387777
745555531684864426287786833886687777
745555531684864426287786868863387777
745555531684864426288776338886687777
745555531684864426288776688863387777
745555531688464426287786833886687777
745555531688464426287786868863387777
745555531688464426288776338886687777
745555531688464426288776688863387777
745555531846822644677886833886687777
745555531846822644677886868863387777
745555531846822644687786338886687777
745555531846822644687786688863387777
745555531846846422677886833886687777
745555531846846422677886868863387777
745555531846846422687786338886687777
745555531846846422687786688863387777
745555531846862244677886833886687777
745555531846862244677886868863387777
745555531846862244687786338886687777
745555531846862244687786688863387777
745555531846864422677886833886687777
745555531846864422677886868863387777
745555531846864422687786338886687777
745555531846864422687786688863387777
745555531847722644687786833886688776
745555531847722644687786868863388776
745555531847722644688776338886688776
745555531847722644688776688863388776
745555531847722644867786833886688776
745555531847722644867786868863388776
745555531847722644868776338886688776
745555531847722644868776688863388776
745555531847746422687786833886688776
745555531847746422687786868863388776
745555531847746422688776338886688776
745555531847746422688776688863388776
745555531847746422867786833886688776
745555531847746422867786868863388776
745555531847746422868776338886688776
745555531847746422868776688863388776
745555531847762244687786833886688776
745555531847762244687786868863388776
745555531847762244688776338886688776
745555531847762244688776688863388776
745555531847762244867786833886688776
745555531847762244867786868863388776
745555531847762244868776338886688776
745555531847762244868776688863388776
745555531847764422687786833886688776
745555531847764422687786868863388776
745555531847764422688776338886688776
745555531847764422688776688863388776
745555531847764422867786833886688776
745555531847764422867786868863388776
745555531847764422868776338886688776
745555531847764422868776688863388776
745555531848622644677886833886687777
745555531848622644677886868863387777
745555531848622644687786338886687777
745555531848622644687786688863387777
745555531848646422677886833886687777
745555531848646422677886868863387777
745555531848646422687786338886687777
745555531848646422687786688863387777
745555531848662244677886833886687777
745555531848662244677886868863387777
745555531848662244687786338886687777
745555531848662244687786688863387777
745555531848664422677886833886687777
745555531848664422677886868863387777
745555531848664422687786338886687777
745555531848664422687786688863387777
745555531884622644677886833886687777
745555531884622644677886868863387777
745555531884622644687786338886687777
745555531884622644687786688863387777
745555531884646422677886833886687777
745555531884646422677886868863387777
745555531884646422687786338886687777
745555531884646422687786688863387777
745555531884662244677886833886687777
745555531884662244677886868863387777
745555531884662244687786338886687777
745555531884662244687786688863387777
745555531884664422677886833886687777
745555531884664422677886868863387777
745555531884664422687786338886687777
745555531884664422687786688863387777
745578317455258336886266448877688776
745578317455258338686266448877688776
