745578317455258338866266448877688776
745848314664555526287786833886687777
745848314664555526287786868863387777
745848314664555526288776338886687777
745848314664555526288776688863387777
745884314664555526287786833886687777
745884314664555526287786868863387777
745884314664555526288776338886687777
745884314664555526288776688863387777
746388347261557677726454885387588866
746388347261557688526455438886687777
748377342173666625757665588875488884
748377342173666625757665588875848884
748377342173666625757665588875884884
748377342173666625757665588875888484
748377342173666625757665588875888844
748548445766572321788675888758736663
748548445766572321788675888758763663
748548445766572321788675888758766363
748548445766572321788675888758766633
748548445766572328366673885875881776
748548445766572328636673885875881776
748548445766572328663673885875881776
748548445766572328666373885875881776
748584445766572321788675888758736663
748584445766572321788675888758763663
748584445766572321788675888758766363
748584445766572321788675888758766633
748584445766572328366673885875881776
748584445766572328636673885875881776
748584445766572328663673885875881776
748584445766572328666373885875881776
748665458476627278863481753673588875
748665458476627278863481756373588875
748665458476627288763481757363588875
748665458476627288763481757633588875
748755428754664238366673885875881776
748755428754664238636673885875881776
748755428754664238663673885875881776
748755428754664238666373885875881776
748836342743277654767885861557588866
748836342761557677276544883587588866
748836342777546423761655788587588866
748836342778867768858755654382716654
748863342743277654767885861557588866
748863342761557677276544883587588866
748863342777546423761655788587588866
748863342778867768858755654382716654
752443344265585718768767887673588866
752443382655574418768767887673588866
752443382655578187676744887673588866
752443382655578187676788767443588866
752443382655578187676788767835886644
752446442558533718768767887673588866
752446825553374418768767887673588866
752446825553378187676744887673588866
752446825553378187676788767443588866
752446825553378187676788767835886644
753324444265585718768767887673588866
753324482655574418768767887673588866
753324482655578187676744887673588866
753324482655578187676788767443588866
753324482655578187676788767835886644
753342444265585718768767887673588866
753342482655574418768767887673588866
753342482655578187676744887673588866
753342482655578187676788767443588866
753342482655578187676788767835886644
753344244265585718768767887673588866
753344282655574418768767887673588866
753344282655578187676744887673588866
753344282655578187676788767443588866
753344282655578187676788767835886644
753344424265585718768767887673588866
753344442265585718768767887673588866
753355446852447218768767887673588866
753355446854247218768767887673588866
753355446854427218768767887673588866
753355865244724418768767887673588866
753355865244728187676744887673588866
753355865244728187676788767443588866
753355865244728187676788767835886644
753355865424724418768767887673588866
753355865424728187676744887673588866
753355865424728187676788767443588866
753355865424728187676788767835886644
753355865442724418768767887673588866
753355865442728187676744887673588866
753355865442728187676788767443588866
753355865442728187676788767835886644
754243344265585718768767887673588866
754243382655574418768767887673588866
754243382655578187676744887673588866
754243382655578187676788767443588866
754243382655578187676788767835886644
754246442558533718768767887673588866
754246825553374418768767887673588866
754246825553378187676744887673588866
754246825553378187676788767443588866
754246825553378187676788767835886644
