754423344265585718768767887673588866
754423382655574418768767887673588866
754423382655578187676744887673588866
754423382655578187676788767443588866
754423382655578187676788767835886644
754426442558533718768767887673588866
754426825553374418768767887673588866
754426825553378187676744887673588866
754426825553378187676788767443588866
754426825553378187676788767835886644
754488625275674431788675888758736663
754488625275674431788675888758763663
754488625275674431788675888758766363
754488625275674431788675888758766633
754488625276667476884318573673588875
754488625276667476884318576373588875
755478134752558336886266448877688776
755478134752558338686266448877688776
755478134752558338866266448877688776
755533446852447218768767887673588866
755533446854247218768767887673588866
755533446854427218768767887673588866
755533865244724418768767887673588866
755533865244728187676744887673588866
755533865244728187676788767443588866
755533865244728187676788767835886644
755533865424724418768767887673588866
755533865424728187676744887673588866
755533865424728187676788767443588866
755533865424728187676788767835886644
755533865442724418768767887673588866
755533865442728187676744887673588866
755533865442728187676788767443588866
755533865442728187676788767835886644
755544684476523786787518886623388776
755544684476523786787518886626887733
755544684476787687815628727333588866
755544688767544833272617887673588866
755544688767544862721783387673588866
755544688767544862721786877333588866
755544688767768447815628727333588866
755544688767768871562874427333588866
755564484476523786787518886623388776
755564484476523786787518886626887733
755564484476787687815628727333588866
755564485244337218768767887673588866
755564485424337218768767887673588866
755564485442337218768767887673588866
755564488767544833272617887673588866
755564488767544862721783387673588866
755564488767544862721786877333588866
755564488767768447815628727333588866
755564488767768871562874427333588866
755568447652443786787518886623388776
755568447652443786787518886626887733
755568447652837867744518886623388776
755568447652837867744518886626887733
755568447652837867785188664423388776
755568447652837867785188664426887733
755568447652837867785188668233877644
755568447652837867785188668268774433
755568447674487687815628727333588866
755568447678876744815628727333588866
755568447678876788156272744333588866
755568447678876788156272783335886644
755568524433724418768767887673588866
755568524433728187676744887673588866
755568524433728187676788767443588866
755568524433728187676788767835886644
755568542433724418768767887673588866
755568542433728187676744887673588866
755568542433728187676788767443588866
755568542433728187676788767835886644
755568544233724418768767887673588866
755568544233728187676744887673588866
755568544233728187676788767443588866
755568544233728187676788767835886644
755568876744544833272617887673588866
755568876744544862721783387673588866
755568876744544862721786877333588866
755568876744768447815628727333588866
755568876744768871562874427333588866
755568876785443327261744887673588866
755568876785443327261788767443588866
755568876785443327261788767835886644
755568876785446272174483387673588866
755568876785446272174486877333588866
755568876785446272178833767443588866
755568876785446272178833767835886644
755568876785446272178867744333588866
755568876785446272178867783335886644
755568876787644744815628727333588866
755568876787644788156272744333588866
755568876787644788156272783335886644
755568876787687441562874427333588866
755568876787687815627442744333588866
755568876787687815627442783335886644
755586447652443786787518886623388776
755586447652443786787518886626887733
755586447674487687815628727333588866
