755586876744544833272617887673588866
755586876744544862721783387673588866
755586876744544862721786877333588866
755586876744768447815628727333588866
755586876744768871562874427333588866
755748428366176377726454885387588866
755748428366176388526455438886687777
755748428636176377726454885387588866
755748428636176388526455438886687777
755784428366176377726454885387588866
755784428366176388526455438886687777
755784428636176377726454885387588866
755784428636176388526455438886687777
756244442558533718768767887673588866
756244825553374418768767887673588866
756244825553378187676744887673588866
756244825553378187676788767443588866
756244825553378187676788767835886644
756424442558533718768767887673588866
756424825553374418768767887673588866
756424825553378187676744887673588866
756424825553378187676788767443588866
756424825553378187676788767835886644
756442442558533718768767887673588866
756442825553374418768767887673588866
756442825553378187676744887673588866
756442825553378187676788767443588866
756442825553378187676788767835886644
756444242558533718768767887673588866
756444422558533718768767887673588866
756554485244337218768767887673588866
756554485424337218768767887673588866
756554485442337218768767887673588866
756558524433724418768767887673588866
756558524433728187676744887673588866
756558524433728187676788767443588866
756558524433728187676788767835886644
756558542433724418768767887673588866
756558542433728187676744887673588866
756558542433728187676788767443588866
756558542433728187676788767835886644
756558544233724418768767887673588866
756558544233728187676744887673588866
756558544233728187676788767443588866
756558544233728187676788767835886644
756648454876672276884318573673588875
756648454876672276884318576373588875
756666238885437588841357647754882776
756666413248872767885448573673588875
756666413248872767885448576373588875
756666413248872767885857367443588875
756666413248872767885857637443588875
756666413428872767885448573673588875
756666413428872767885448576373588875
756666413428872767885857367443588875
756666413428872767885857637443588875
756666413688772472885448573673588875
756666413688772472885448576373588875
756666413688772472885857367443588875
756666413688772472885857637443588875
756666413688774272885448573673588875
756666413688774272885448576373588875
756666413688774272885857367443588875
756666413688774272885857637443588875
756666544887724276884318573673588875
756666544887724276884318576373588875
756666544887742276884318573673588875
756666544887742276884318576373588875
756666544887767882443218573673588875
756666544887767882443218576373588875
756666544887767884243218573673588875
756666544887767884243218576373588875
756666548487724276884318573673588875
756666548487724276884318576373588875
756666548847724276884318573673588875
756666548847724276884318576373588875
756666588834314235788857647754882776
756666588843175888543372647754882776
756666588875438882314537647754882776
756684454876672276884318573673588875
756684454876672276884318576373588875
758882354366667588841357647754882776
758882354388875666641357647754882776
758882354776745676575182748363488866
758882354776745676575182748633488866
758882354776745676575182766363488884
758882354776745676575182766363848884
758882354776745676575182766363884884
758882354776745676575182766363888484
758882354776745676575182766363888844
758882354776745676575182766633488884
758882354776745676575182766633848884
758882354776745676575182766633884884
758882354776745676575182766633888484
758882354776745676575182766633888844
758882354776745676575182784363488866
758882354776745676575182784633488866
758885346666314235788857647754882776
758885348883142357666657647754882776
758885436666175888543372647754882776
