758885438881755666643372647754882776
758885766665438882314537647754882776
758885775485457664832247771366388866
758885775485457666632277713483488866
758885775485457666632277713663488884
758885775485457666632277713663848884
758885775485457666632277713663884884
758885775485457666632277713663888484
758885775485457666632277713663888844
758885775485457666632277713843488866
758885775485457666632277716363488884
758885775485457666632277716363848884
758885775485457666632277716363884884
758885775485457666632277716363888484
758885775485457666632277716363888844
758885775485457666632277716633488884
758885775485457666632277716633848884
758885775485457666632277716633884884
758885775485457666632277716633888484
758885775485457666632277716633888844
758885775485457668432247771366388866
758885775665574866324277713483488866
758885775665574866324277713663488884
758885775665574866324277713663848884
758885775665574866324277713663884884
758885775665574866324277713663888484
758885775665574866324277713663888844
758885775665574866324277713843488866
758885775665574866324277716363488884
758885775665574866324277716363848884
758885775665574866324277716363884884
758885775665574866324277716363888484
758885775665574866324277716363888844
758885775665574866324277716633488884
758885775665574866324277716633848884
758885775665574866324277716633884884
758885775665574866324277716633888484
758885775665574866324277716633888844
758885775665574866342277713483488866
758885775665574866342277713663488884
758885775665574866342277713663848884
758885775665574866342277713663884884
758885775665574866342277713663888484
758885775665574866342277713663888844
758885775665574866342277713843488866
758885775665574866342277716363488884
758885775665574866342277716363848884
758885775665574866342277716363884884
758885775665574866342277716363888484
758885775665574866342277716363888844
758885775665574866342277716633488884
758885775665574866342277716633848884
758885775665574866342277716633884884
758885775665574866342277716633888484
758885775665574866342277716633888844
758885775665576666322487771343488884
758885775665576666322487771343848884
758885775665576666322487771343884884
758885775665576666322487771343888484
758885775665576666322487771343888844
758885775665576666322847771343488884
758885775665576666322847771343848884
758885775665576666322847771343884884
758885775665576666322847771343888484
758885775665576666322847771343888844
758885775665578466324277713483488866
758885775665578466324277713663488884
758885775665578466324277713663848884
758885775665578466324277713663884884
758885775665578466324277713663888484
758885775665578466324277713663888844
758885775665578466324277713843488866
758885775665578466324277716363488884
758885775665578466324277716363848884
758885775665578466324277716363884884
758885775665578466324277716363888484
758885775665578466324277716363888844
758885775665578466324277716633488884
758885775665578466324277716633848884
758885775665578466324277716633884884
758885775665578466324277716633888484
758885775665578466324277716633888844
758885775845457664832247771366388866
758885775845457666632277713483488866
758885775845457666632277713663488884
758885775845457666632277713663848884
758885775845457666632277713663884884
758885775845457666632277713663888484
758885775845457666632277713663888844
758885775845457666632277713843488866
758885775845457666632277716363488884
758885775845457666632277716363848884
758885775845457666632277716363884884
758885775845457666632277716363888484
758885775845457666632277716363888844
758885775845457666632277716633488884
758885775845457666632277716633848884
758885775845457666632277716633884884
758885775845457666632277716633888484
758885775845457666632277716633888844
