758885775845457668432247771366388866
758885788854323666614537647754882776
763668388578577457643277261655488884
763668388578577457643277261655848884
763668388578577457643277261655884884
763668388578577457643277261655888484
763668388578577457643277261655888844
763677348217366245757665588875488884
763677348217366245757665588875848884
763677348217366245757665588875884884
763677348217366245757665588875888484
763677348217366245757665588875888844
763677366217366254875754588875488884
763677366217366254875754588875848884
763677366217366254875754588875884884
763677366217366254875754588875888484
763677366217366254875754588875888844
763677366217366258475754588875488884
763677366217366258475754588875848884
763677366217366258475754588875884884
763677366217366258475754588875888484
763677366217366258475754588875888844
763677382417366245757665588875488884
763677382417366245757665588875848884
763677382417366245757665588875884884
763677382417366245757665588875888484
763677382417366245757665588875888844
763677384217366245757665588875488884
763677384217366245757665588875848884
763677384217366245757665588875884884
763677384217366245757665588875888484
763677384217366245757665588875888844
764487233178678445782687768663885555
764487233178678857826744768663885555
764487261787833445782687768663885555
764487261787833857826744768663885555
764577432678872436887438516755588866
764577432678872463887438516755588866
764856456677532248836743858875881776
764856456677532248863743858875881776
765554487867355883312244668886687777
765554487867355883312264468886687777
765554487867355883312266448886687777
765554487867355883312266888664487777
765554487867355883312268688664487777
765554487867355883312277688644688776
765554487867355883312277688664488776
765554487867355883312277688668877644
765554487867355883312277688686877644
765554487867355883312286688664487777
765554487867355883314646228886687777
765554487867355886122446338886687777
765554487867355886122446688863387777
765554487867355886122644338886687777
765554487867355886122644688863387777
765554487867355886122683388664487777
765554487867355886122686886443387777
765554487867355886122863388664487777
765554487867355886122866886443387777
765554487867355886144622338886687777
765554487867355886144622688863387777
765558744678844576217338287673588866
765558744678885717868773335688266244
765558744678885717868776358823366244
765558786744355883312244668886687777
765558786744355883312264468886687777
765558786744355883312266448886687777
765558786744355883312266888664487777
765558786744355883312268688664487777
765558786744355883312277688644688776
765558786744355883312277688664488776
765558786744355883312277688668877644
765558786744355883312277688686877644
765558786744355883312286688664487777
765558786744355883314646228886687777
765558786744355886122446338886687777
765558786744355886122446688863387777
765558786744355886122644338886687777
765558786744355886122644688863387777
765558786744355886122683388664487777
765558786744355886122686886443387777
765558786744355886122863388664487777
765558786744355886122866886443387777
765558786744355886144622338886687777
765558786744355886144622688863387777
765558786783558331224444668886687777
765558786783558331224464468886687777
765558786783558331224466448886687777
765558786783558331224466888664487777
765558786783558331224468688664487777
765558786783558331224477688644688776
765558786783558331224477688664488776
765558786783558331224477688668877644
765558786783558331224477688686877644
765558786783558331224486688664487777
765558786783558331228446688664487777
765558786783558331228446688668777744
765558786783558331228644688664487777
765558786783558331228644688668777744
765558786783558331228664488664487777
