765558786783558331228664488668777744
765558786783558331228668866444487777
765558786783558331228668866844777744
765558786783558331228686866444487777
765558786783558331228686866844777744
765558786783558331228776864464488776
765558786783558331228776864468877644
765558786783558331228776866444488776
765558786783558331228776866448877644
765558786783558331228776866844877644
765558786783558331228776866887764444
765558786783558331228776868644877644
765558786783558331228776868687764444
765558786783558331228866866444487777
765558786783558331228866866844777744
765558786783558331444646228886687777
765558786783558331486462288664487777
765558786783558331486462288668777744
765558786783558612244446338886687777
765558786783558612244446688863387777
765558786783558612244644338886687777
765558786783558612244644688863387777
765558786783558612244683388664487777
765558786783558612244686886443387777
765558786783558612244863388664487777
765558786783558612244866886443387777
765558786783558612284463388664487777
765558786783558612284463388668777744
765558786783558612284466886443387777
765558786783558612284466886833777744
765558786783558612286443388664487777
765558786783558612286443388668777744
765558786783558612286446886443387777
765558786783558612286446886833777744
765558786783558612286833866444487777
765558786783558612286833866844777744
765558786783558612286868644443387777
765558786783558612286868684433777744
765558786783558612288633866444487777
765558786783558612288633866844777744
765558786783558612288668644443387777
765558786783558612288668684433777744
765558786783558614444622338886687777
765558786783558614444622688863387777
765558786783558614846223388664487777
765558786783558614846223388668777744
765558786783558614846226886443387777
765558786783558614846226886833777744
765558786784454476217338287673588866
765558786788544717868773335688266244
765558786788544717868776358823366244
765567127436727545888758736663488884
765567127436727545888758736663848884
765567127436727545888758736663884884
765567127436727545888758736663888484
765567127436727545888758736663888844
765567127436727545888758748363488866
765567127436727545888758748633488866
765567127436727545888758763663488884
765567127436727545888758763663848884
765567127436727545888758763663884884
765567127436727545888758763663888484
765567127436727545888758763663888844
765567127436727545888758766363488884
765567127436727545888758766363848884
765567127436727545888758766363884884
765567127436727545888758766363888484
765567127436727545888758766363888844
765567127436727545888758766633488884
765567127436727545888758766633848884
765567127436727545888758766633884884
765567127436727545888758766633888484
765567127436727545888758766633888844
765567127436727545888758784363488866
765567127436727545888758784633488866
765567721634727548578858736483488866
765567721634727548578858736663488884
765567721634727548578858736663848884
765567721634727548578858736663884884
765567721634727548578858736663888484
765567721634727548578858736663888844
765567721634727548578858736843488866
765567721634727548578858763483488866
765567721634727548578858763663488884
765567721634727548578858763663848884
765567721634727548578858763663884884
765567721634727548578858763663888484
765567721634727548578858763663888844
765567721634727548578858763843488866
765567721634727548578858766363488884
765567721634727548578858766363848884
765567721634727548578858766363884884
765567721634727548578858766363888484
765567721634727548578858766363888844
765567721634727548578858766633488884
765567721634727548578858766633848884
765567721634727548578858766633884884
765567721634727548578858766633888484
765567721634727548578858766633888844
765576826674542438836743858875881776
