765576826674542438863743858875881776
765666412438872767885448573673588875
765666412438872767885448576373588875
765666412438872767885857367443588875
765666412438872767885857637443588875
765666414238872767885448573673588875
765666414238872767885448576373588875
765666414238872767885857367443588875
765666414238872767885857637443588875
765666416388772472885448573673588875
765666416388772472885448576373588875
765666416388772472885857367443588875
765666416388772472885857637443588875
765666416388774272885448573673588875
765666416388774272885448576373588875
765666416388774272885857367443588875
765666416388774272885857637443588875
766368388578577457643277261655488884
766368388578577457643277261655848884
766368388578577457643277261655884884
766368388578577457643277261655888484
766368388578577457643277261655888844
766377348217366245757665588875488884
766377348217366245757665588875848884
766377348217366245757665588875884884
766377348217366245757665588875888484
766377348217366245757665588875888844
766377366217366254875754588875488884
766377366217366254875754588875848884
766377366217366254875754588875884884
766377366217366254875754588875888484
766377366217366254875754588875888844
766377366217366258475754588875488884
766377366217366258475754588875848884
766377366217366258475754588875884884
766377366217366258475754588875888484
766377366217366258475754588875888844
766377382417366245757665588875488884
766377382417366245757665588875848884
766377382417366245757665588875884884
766377382417366245757665588875888484
766377382417366245757665588875888844
766377384217366245757665588875488884
766377384217366245757665588875848884
766377384217366245757665588875884884
766377384217366245757665588875888484
766377384217366245757665588875888844
766548454875742321788675888758736663
766548454875742321788675888758763663
766548454875742321788675888758766363
766548454875742321788675888758766633
766548454875742328366673885875881776
766548454875742328636673885875881776
766548454875742328663673885875881776
766548454875742328666373885875881776
766548456675723248836743885875881776
766548456675723248863743885875881776
766548456675723284836743885875881776
766548456675723284863743885875881776
766548458475724321788675888758736663
766548458475724321788675888758763663
766548458475724321788675888758766363
766548458475724321788675888758766633
766548458475724328366673885875881776
766548458475724328636673885875881776
766548458475724328663673885875881776
766548458475724328666373885875881776
766548458475742321788675888758736663
766548458475742321788675888758763663
766548458475742321788675888758766363
766548458475742321788675888758766633
766548458475742328366673885875881776
766548458475742328636673885875881776
766548458475742328663673885875881776
766548458475742328666373885875881776
766548458475763836672432885875881776
766548458475763836674232885875881776
766548458475763863672432885875881776
766548458475763863674232885875881776
766548458475763866372432885875881776
766548458475763866374232885875881776
766584454875742321788675888758736663
766584454875742321788675888758763663
766584454875742321788675888758766363
766584454875742321788675888758766633
766584454875742328366673885875881776
766584454875742328636673885875881776
766584454875742328663673885875881776
766584454875742328666373885875881776
766584456675723248836743885875881776
766584456675723248863743885875881776
766584456675723284836743885875881776
766584456675723284863743885875881776
766584458475724321788675888758736663
766584458475724321788675888758763663
766584458475724321788675888758766363
766584458475724321788675888758766633
766584458475724328366673885875881776
766584458475724328636673885875881776
766584458475724328663673885875881776
