766584458475724328666373885875881776
766584458475742321788675888758736663
766584458475742321788675888758763663
766584458475742321788675888758766363
766584458475742321788675888758766633
766584458475742328366673885875881776
766584458475742328636673885875881776
766584458475742328663673885875881776
766584458475742328666373885875881776
766584458475763836672432885875881776
766584458475763836674232885875881776
766584458475763863672432885875881776
766584458475763863674232885875881776
766584458475763866372432885875881776
766584458475763866374232885875881776
766638388578577457643277261655488884
766638388578577457643277261655848884
766638388578577457643277261655884884
766638388578577457643277261655888484
766638388578577457643277261655888844
766652426148837767884458753673588875
766652426148837767884458756373588875
766652426148837767885448753673588875
766652426148837767885448756373588875
766652426148837767885875367443588875
766652426148837767885875367835887544
766652426148837767885875637443588875
766652426148837767885875637835887544
766652426148837767888575367443588875
766652426148837767888575367835887544
766652426148837767888575637443588875
766652426148837767888575637835887544
766652426148837768874458757363588875
766652426148837768874458757633588875
766652426148837768875448757363588875
766652426148837768875448757633588875
766652426148837768875875736443588875
766652426148837768875875736835887544
766652426148837768875875763443588875
766652426148837768875875763835887544
766652426148837768878575736443588875
766652426148837768878575736835887544
766652426148837768878575763443588875
766652426148837768878575763835887544
766654226148837767884458753673588875
766654226148837767884458756373588875
766654226148837767885448753673588875
766654226148837767885448756373588875
766654226148837767885875367443588875
766654226148837767885875367835887544
766654226148837767885875637443588875
766654226148837767885875637835887544
766654226148837767888575367443588875
766654226148837767888575367835887544
766654226148837767888575637443588875
766654226148837767888575637835887544
766654226148837768874458757363588875
766654226148837768874458757633588875
766654226148837768875448757363588875
766654226148837768875448757633588875
766654226148837768875875736443588875
766654226148837768875875736835887544
766654226148837768875875763443588875
766654226148837768875875763835887544
766654226148837768878575736443588875
766654226148837768878575736835887544
766654226148837768878575763443588875
766654226148837768878575763835887544
766656148832472767884458753673588875
766656148832472767884458756373588875
766656148832472767885448753673588875
766656148832472767885448756373588875
766656148832472767885875367443588875
766656148832472767885875367835887544
766656148832472767885875637443588875
766656148832472767885875637835887544
766656148832472767888575367443588875
766656148832472767888575367835887544
766656148832472767888575637443588875
766656148832472767888575637835887544
766656148832472768874458757363588875
766656148832472768874458757633588875
766656148832472768875448757363588875
766656148832472768875448757633588875
766656148832472768875875736443588875
766656148832472768875875736835887544
766656148832472768875875763443588875
766656148832472768875875763835887544
766656148832472768878575736443588875
766656148832472768878575736835887544
766656148832472768878575763443588875
766656148832472768878575763835887544
766656148834272767884458753673588875
766656148834272767884458756373588875
766656148834272767885448753673588875
766656148834272767885448756373588875
766656148834272767885875367443588875
766656148834272767885875367835887544
766656148834272767885875637443588875
766656148834272767885875637835887544
