766656148834272767888575367443588875
766656148834272767888575367835887544
766656148834272767888575637443588875
766656148834272767888575637835887544
766656148834272768874458757363588875
766656148834272768874458757633588875
766656148834272768875448757363588875
766656148834272768875448757633588875
766656148834272768875875736443588875
766656148834272768875875736835887544
766656148834272768875875763443588875
766656148834272768875875763835887544
766656148834272768878575736443588875
766656148834272768878575736835887544
766656148834272768878575763443588875
766656148834272768878575763835887544
766656148836772478824458753673588875
766656148836772478824458756373588875
766656148836772478825448753673588875
766656148836772478825448756373588875
766656148836772478825875367443588875
766656148836772478825875367835887544
766656148836772478825875637443588875
766656148836772478825875637835887544
766656148836772478828575367443588875
766656148836772478828575367835887544
766656148836772478828575637443588875
766656148836772478828575637835887544
766656148836772488724458757363588875
766656148836772488724458757633588875
766656148836772488725448757363588875
766656148836772488725448757633588875
766656148836772488725875736443588875
766656148836772488725875736835887544
766656148836772488725875763443588875
766656148836772488725875763835887544
766656148836772488728575736443588875
766656148836772488728575736835887544
766656148836772488728575763443588875
766656148836772488728575763835887544
766656148836774278824458753673588875
766656148836774278824458756373588875
766656148836774278825448753673588875
766656148836774278825448756373588875
766656148836774278825875367443588875
766656148836774278825875367835887544
766656148836774278825875637443588875
766656148836774278825875637835887544
766656148836774278828575367443588875
766656148836774278828575367835887544
766656148836774278828575637443588875
766656148836774278828575637835887544
766656148836774288724458757363588875
766656148836774288724458757633588875
766656148836774288725448757363588875
766656148836774288725448757633588875
766656148836774288725875736443588875
766656148836774288725875736835887544
766656148836774288725875763443588875
766656148836774288725875763835887544
766656148836774288728575736443588875
766656148836774288728575736835887544
766656148836774288728575763443588875
766656148836774288728575763835887544
766665148824372767884458753673588875
766665148824372767884458756373588875
766665148824372767885448753673588875
766665148824372767885448756373588875
766665148824372767885875367443588875
766665148824372767885875367835887544
766665148824372767885875637443588875
766665148824372767885875637835887544
766665148824372767888575367443588875
766665148824372767888575367835887544
766665148824372767888575637443588875
766665148824372767888575637835887544
766665148824372768874458757363588875
766665148824372768874458757633588875
766665148824372768875448757363588875
766665148824372768875448757633588875
766665148824372768875875736443588875
766665148824372768875875736835887544
766665148824372768875875763443588875
766665148824372768875875763835887544
766665148824372768878575736443588875
766665148824372768878575736835887544
766665148824372768878575763443588875
766665148824372768878575763835887544
766665148842372767884458753673588875
766665148842372767884458756373588875
766665148842372767885448753673588875
766665148842372767885448756373588875
766665148842372767885875367443588875
766665148842372767885875367835887544
766665148842372767885875637443588875
766665148842372767885875637835887544
766665148842372767888575367443588875
766665148842372767888575367835887544
766665148842372767888575637443588875
766665148842372767888575637835887544
