766665148842372768874458757363588875
766665148842372768874458757633588875
766665148842372768875448757363588875
766665148842372768875448757633588875
766665148842372768875875736443588875
766665148842372768875875736835887544
766665148842372768875875763443588875
766665148842372768875875763835887544
766665148842372768878575736443588875
766665148842372768878575736835887544
766665148842372768878575763443588875
766665148842372768878575763835887544
766665148863772478824458753673588875
766665148863772478824458756373588875
766665148863772478825448753673588875
766665148863772478825448756373588875
766665148863772478825875367443588875
766665148863772478825875367835887544
766665148863772478825875637443588875
766665148863772478825875637835887544
766665148863772478828575367443588875
766665148863772478828575367835887544
766665148863772478828575637443588875
766665148863772478828575637835887544
766665148863772488724458757363588875
766665148863772488724458757633588875
766665148863772488725448757363588875
766665148863772488725448757633588875
766665148863772488725875736443588875
766665148863772488725875736835887544
766665148863772488725875763443588875
766665148863772488725875763835887544
766665148863772488728575736443588875
766665148863772488728575736835887544
766665148863772488728575763443588875
766665148863772488728575763835887544
766665148863774278824458753673588875
766665148863774278824458756373588875
766665148863774278825448753673588875
766665148863774278825448756373588875
766665148863774278825875367443588875
766665148863774278825875367835887544
766665148863774278825875637443588875
766665148863774278825875637835887544
766665148863774278828575367443588875
766665148863774278828575367835887544
766665148863774278828575637443588875
766665148863774278828575637835887544
766665148863774288724458757363588875
766665148863774288724458757633588875
766665148863774288725448757363588875
766665148863774288725448757633588875
766665148863774288725875736443588875
766665148863774288725875736835887544
766665148863774288725875763443588875
766665148863774288725875763835887544
766665148863774288728575736443588875
766665148863774288728575736835887544
766665148863774288728575763443588875
766665148863774288728575763835887544
766665548847427278863481753673588875
766665548847427278863481756373588875
766665548847427288763481757363588875
766665548847427288763481757633588875
766665584847427278863481753673588875
766665584847427278863481756373588875
766665584847427288763481757363588875
766665584847427288763481757633588875
766665588447247278863481753673588875
766665588447247278863481756373588875
766665588447247288763481757363588875
766665588447247288763481757633588875
766665588447427278863481753673588875
766665588447427278863481756373588875
766665588447427288763481757363588875
766665588447427288763481757633588875
766665588447587885857367341324882776
766665588447587885857367341342882776
766665588447587885857367341368877242
766665588447587885857367341368877422
766665588447587885857637341324882776
766665588447587885857637341342882776
766665588447587885857637341368877242
766665588447587885857637341368877422
766665588447588875857736341324882776
766665588447588875857736341342882776
766665588447588875857736341368877242
766665588447588875857736341368877422
766665588447588875857763341324882776
766665588447588875857763341342882776
766665588447588875857763341368877242
766665588447588875857763341368877422
766665588447677882434281753673588875
766665588447677882434281756373588875
766665588447677884234281753673588875
766665588447677884234281756373588875
766665588447678872434281757363588875
766665588447678872434281757633588875
766665588447678874234281757363588875
766665588447678874234281757633588875
