766665588447724278864318753673588875
766665588447724278864318756373588875
766665588447724288764318757363588875
766665588447724288764318757633588875
766665588447742278864318753673588875
766665588447742278864318756373588875
766665588447742288764318757363588875
766665588447742288764318757633588875
766665588447767882443218753673588875
766665588447767882443218756373588875
766665588447767884243218753673588875
766665588447767884243218756373588875
766665588447768872443218757363588875
766665588447768872443218757633588875
766665588447768874243218757363588875
766665588447768874243218757633588875
766665588447857885857367314243882776
766665588447857885857367314423882776
766665588447857885857367314638877242
766665588447857885857367314638877422
766665588447857885857637314243882776
766665588447857885857637314423882776
766665588447857885857637314638877242
766665588447857885857637314638877422
766665588447858875857736314243882776
766665588447858875857736314423882776
766665588447858875857736314638877242
766665588447858875857736314638877422
766665588447858875857763314243882776
766665588447858875857763314423882776
766665588447858875857763314638877242
766665588447858875857763314638877422
766665588875788445857367314243882776
766665588875788445857367314423882776
766665588875788445857367314638877242
766665588875788445857367314638877422
766665588875788445857637314243882776
766665588875788445857637314423882776
766665588875788445857637314638877242
766665588875788445857637314638877422
766665588875788855734764314423828776
766665588875788855736744314243882776
766665588875788855736744314423882776
766665588875788855736744314638877242
766665588875788855736744314638877422
766665588875788855763744314243882776
766665588875788855763744314423882776
766665588875788855763744314638877242
766665588875788855763744314638877422
766665588875887445857736314243882776
766665588875887445857736314423882776
766665588875887445857736314638877242
766665588875887445857736314638877422
766665588875887445857763314243882776
766665588875887445857763314423882776
766665588875887445857763314638877242
766665588875887445857763314638877422
766665588875887855773644314243882776
766665588875887855773644314423882776
766665588875887855773644314638877242
766665588875887855773644314638877422
766665588875887855776344314243882776
766665588875887855776344314423882776
766665588875887855776344314638877242
766665588875887855776344314638877422
766665588875888432314537774654288776
766755284875444238366673885875881776
766755284875444238636673885875881776
766755284875444238663673885875881776
766755284875444238666373885875881776
766755286675442483836743885875881776
766755286675442483863743885875881776
766755286675442843836743885875881776
766755286675442843863743885875881776
766755288475444238366673885875881776
766755288475444238636673885875881776
766755288475444238663673885875881776
766755288475444238666373885875881776
767754423675657281573673588848488866
767754423675657281573673588866488884
767754423675657281573673588866848884
767754423675657281573673588866884884
767754423675657281573673588866888484
767754423675657281573673588866888844
767754423675657281573673588884488866
767754423675657281576373588848488866
767754423675657281576373588866488884
767754423675657281576373588866848884
767754423675657281576373588866884884
767754423675657281576373588866888484
767754423675657281576373588866888844
767754423675657281576373588884488866
767754423678872436887438516755588866
767754423678872463887438516755588866
767881544788337675562582447675388866
767881544788677556332582447675388866
767881544788852573768446665533288776
767881544788852573768446665562887733
767881587885254473768446665533288776
767881587885254473768446665562887733
