767881587885258737644633775568826644
767881587885258737644644665533288776
767881587885258737644644665562887733
767881587885258737644666445523388776
767881587885258737644666445526887733
767881587885258737644667755883326644
767881587885258737644677335568866244
767881587885258737644677655883366244
767882443723671445366667588857588875
767882443723671445388875566667588875
767882443723671445388875576666588875
767882443723671445388875578885766665
767882443723671445388875588875766665
767882443723671853887544566667588875
767882443723671853887544576666588875
767882443723671853887544578885766665
767882443723671853887544588875766665
767882443723671853887585887544766665
767882443726371445366667588857588875
767882443726371445388875566667588875
767882443726371445388875576666588875
767882443726371445388875578885766665
767882443726371445388875588875766665
767882443726371853887544566667588875
767882443726371853887544576666588875
767882443726371853887544578885766665
767882443726371853887544588875766665
767882443726371853887585887544766665
767883352788857556762447617445388866
767883352788857556762447617853886644
767884243723671445366667588857588875
767884243723671445388875566667588875
767884243723671445388875576666588875
767884243723671445388875578885766665
767884243723671445388875588875766665
767884243723671853887544566667588875
767884243723671853887544576666588875
767884243723671853887544578885766665
767884243723671853887544588875766665
767884243723671853887585887544766665
767884243726371445366667588857588875
767884243726371445388875566667588875
767884243726371445388875576666588875
767884243726371445388875578885766665
767884243726371445388875588875766665
767884243726371853887544566667588875
767884243726371853887544576666588875
767884243726371853887544578885766665
767884243726371853887544588875766665
767884243726371853887585887544766665
767886743277542436887438516755588866
767886743277542463887438516755588866
767886761557247723645434888357588866
767886761557247723654434888537588866
767886761557247726345434888357588866
767886761557247726354434888537588866
767886777542442336615547388857588866
767886777542442363615547388857588866
767886778824367455638548565432881776
767886778824367455638584565432881776
767886778824637455638548565432881776
767886778824637455638584565432881776
768456456677532248836743858875881776
768456456677532248863743858875881776
768555876723326878767873551444488866
768555876723326878767873551466888444
768555876726287873367873551444488866
768555876726287873367873551466888444
768555876726287876783373551444488866
768555876726287876783373551466888444
768555876726287876785174533344488866
768555876726287876785174533366888444
768786778824367488385431756648276555
768786778824637488385431756648276555
768871544788337675562582447675388866
768871544788677556332582447675388866
768872443727361445388875566667588875
768872443727361445388875576666588875
768872443727361445388875578885766665
768872443727361445388875588875766665
768872443727361853887544566667588875
768872443727361853887544576666588875
768872443727361853887544578885766665
768872443727361853887544588875766665
768872443727361853887585887544766665
768872443727631445388875566667588875
768872443727631445388875576666588875
768872443727631445388875578885766665
768872443727631445388875588875766665
768872443727631853887544566667588875
768872443727631853887544576666588875
768872443727631853887544578885766665
768872443727631853887544588875766665
768872443727631853887585887544766665
768873352788857556762447617445388866
768873352788857556762447617853886644
768874243727361445388875566667588875
768874243727361445388875576666588875
768874243727361445388875578885766665
768874243727361445388875588875766665
