768874243727361853887544566667588875
768874243727361853887544576666588875
768874243727361853887544578885766665
768874243727361853887544588875766665
768874243727361853887585887544766665
768874243727631445388875566667588875
768874243727631445388875576666588875
768874243727631445388875578885766665
768874243727631445388875588875766665
768874243727631853887544566667588875
768874243727631853887544576666588875
768874243727631853887544578885766665
768874243727631853887544588875766665
768874243727631853887585887544766665
768874243766616527884458573673588875
768874243766616527884458576373588875
768874243766616527885448573673588875
768874243766616527885448576373588875
768874243766616527885857367443588875
768874243766616527885857367835887544
768874243766616527885857637443588875
768874243766616527885857637835887544
768874243766616527888557367443588875
768874243766616527888557367835887544
768874243766616527888557637443588875
768874243766616527888557637835887544
768874243766616528874458577363588875
768874243766616528874458577633588875
768874243766616528875448577363588875
768874243766616528875448577633588875
768874243766616528875857736443588875
768874243766616528875857736835887544
768874243766616528875857763443588875
768874243766616528875857763835887544
768874243766616528878557736443588875
768874243766616528878557736835887544
768874243766616528878557763443588875
768874243766616528878557763835887544
768876716755242773645434853887588866
768876716755242776345434853887588866
768876734772542436887438516755588866
768876734772542463887438516755588866
768876774572443236165547385887588866
768876774572443263165547385887588866
768876778824367488385765558341726654
768876778824637488385765558341726654
773384468662888758176785556528377644
773388644688686655655223881744587777
773388644688686655655223881785777744
773388644688686655675237717445288875
773388664488686655655223881744587777
773388664488686655655223881785777744
773388664488686655675237717445288875
773388666255644447771785887553288866
773388666255644447876532858875887716
773388666255644588817524477775388866
773388666255644744876358258875887716
773388666255644777441788857553882866
773388666255644777817885447553882866
773388666255644788767588855283771644
773388666255644844776532588875887716
773388666255644874476535288875887176
773388666255644877717588447553288866
773388666255644878767588852587371644
773388666255644888665178885257777344
773388666256544888157577744273588866
773388666284488758176785556528377644
773388666288446685565523881744587777
773388666288446685565523881785777744
773388666288446685567537717445288875
773388666288447678815875376244876555
773388666288447678815875556258737644
773388666288447768815875556528377644
773388666288866556445523881744587777
773388666288866556445523881785777744
773388666288866556447537717445288875
773388666288875844176785556528377644
773388666288875881767555446528377644
773388666288875881767555644528377644
773388666288875881767555685237764444
773388666288875881767555865237764444
773388668886642265564553881744587777
773388668886642265564553881785777744
773388668886644655655223881744587777
773388668886644655655223881785777744
773388668886644655675237717445288875
773388668886646225564553881744587777
773388668886646225564553881785777744
773388668886646455655223881744587777
773388668886646455655223881785777744
773388686886644655655223881744587777
773388686886644655655223881785777744
773388686886644655675237717445288875
773487341266372665576675588875488884
773487341266372665576675588875848884
773487341266372665576675588875884884
773487341266372665576675588875888484
773487341266372665576675588875888844
773667312486637254576675588875488884
773667312486637254576675588875848884
