773667312486637254576675588875884884
773667312486637254576675588875888484
773667312486637254576675588875888844
773667312666637254857754588875488884
773667312666637254857754588875848884
773667312666637254857754588875884884
773667312666637254857754588875888484
773667312666637254857754588875888844
773667312666637258457754588875488884
773667312666637258457754588875848884
773667312666637258457754588875884884
773667312666637258457754588875888484
773667312666637258457754588875888844
773667312846637254576675588875488884
773667312846637254576675588875848884
773667312846637254576675588875884884
773667312846637254576675588875888484
773667312846637254576675588875888844
773667314286637254576675588875488884
773667314286637254576675588875848884
773667314286637254576675588875884884
773667314286637254576675588875888484
773667314286637254576675588875888844
773748341266372665576675588875488884
773748341266372665576675588875848884
773748341266372665576675588875884884
773748341266372665576675588875888484
773748341266372665576675588875888844
773766312486637254576675588875488884
773766312486637254576675588875848884
773766312486637254576675588875884884
773766312486637254576675588875888484
773766312486637254576675588875888844
773766312846637254576675588875488884
773766312846637254576675588875848884
773766312846637254576675588875884884
773766312846637254576675588875888484
773766312846637254576675588875888844
773784341266372665576675588875488884
773784341266372665576675588875848884
773784341266372665576675588875884884
773784341266372665576675588875888484
773784341266372665576675588875888844
773847341266372665576675588875488884
773847341266372665576675588875848884
773847341266372665576675588875884884
773847341266372665576675588875888484
773847341266372665576675588875888844
774444688686778685522338317876876555
774464488686778685522338317876876555
774468868644778685522338317876876555
774468868687768445522338317876876555
774468868687768855223331787644876555
774468868687768855223331787687655544
774468868687768874455387622338176555
774468868687768874458876765355513322
774468868687768878553762233448176555
774468868687768878587674465355513322
774486868644778685522338317876876555
774558314755528336886266448877688776
774558314755528338686266448877688776
774558314755528338866266448877688776
775436434423728876767885861557588866
775443634423278876767885861557588866
775446334423278876767885861557588866
775463434423728876767885861557588866
775467423688774236788435861557588866
775467423688774263788435861557588866
775476423688772436788435861557588866
775476423688772463788435861557588866
775566271674754288736434358887588866
775566271674754288763434358887588866
775836323274487644767885861557588866
775836323274847644767885861557588866
775836323278447644767885861557588866
775836323278876764748445816557588866
775836323278876764784445816557588866
775836323278876765486451487754588866
775836323278876765486451847754588866
775836323278876765648441587574588866
775836323278876765684441587574588866
775836323278876765846451487754588866
775836323278876765846451847754588866
775836323278876766548414587574588866
775836323278876766584414587574588866
775836323278876767448445861557588866
775836323278876767484445861557588866
775836323278876767844445861557588866
775836323278876767885446155744588866
775836323278876767885446155785886644
775836323278876767885861557544886644
775836323278876767885861557548486644
775836323278876767885861557584486644
775836323278876767885861557588446644
775863323274487644767885861557588866
775863323274847644767885861557588866
775863323278447644767885861557588866
775863323278876764748445816557588866
775863323278876764784445816557588866
775863323278876765486451487754588866
