775863323278876765486451847754588866
775863323278876765648441587574588866
775863323278876765684441587574588866
775863323278876765846451487754588866
775863323278876765846451847754588866
775863323278876766548414587574588866
775863323278876766584414587574588866
775863323278876767448445861557588866
775863323278876767484445861557588866
775863323278876767844445861557588866
775863323278876767885446155744588866
775863323278876767885446155785886644
775863323278876767885861557544886644
775863323278876767885861557548486644
775863323278876767885861557584486644
775863323278876767885861557588446644
776367312486637254576675588875488884
776367312486637254576675588875848884
776367312486637254576675588875884884
776367312486637254576675588875888484
776367312486637254576675588875888844
776367312666637254857754588875488884
776367312666637254857754588875848884
776367312666637254857754588875884884
776367312666637254857754588875888484
776367312666637254857754588875888844
776367312666637258457754588875488884
776367312666637258457754588875848884
776367312666637258457754588875884884
776367312666637258457754588875888484
776367312666637258457754588875888844
776367312846637254576675588875488884
776367312846637254576675588875848884
776367312846637254576675588875884884
776367312846637254576675588875888484
776367312846637254576675588875888844
776367314286637254576675588875488884
776367314286637254576675588875848884
776367314286637254576675588875884884
776367314286637254576675588875888484
776367314286637254576675588875888844
776444488686778685522338317876876555
776448868644778685522338317876876555
776448868687768445522338317876876555
776448868687768855223331787644876555
776448868687768855223331787687655544
776448868687768874455387622338176555
776448868687768874458876765355513322
776448868687768878553762233448176555
776448868687768878587674465355513322
776556127436772545878858736483488866
776556127436772545878858736663488884
776556127436772545878858736663848884
776556127436772545878858736663884884
776556127436772545878858736663888484
776556127436772545878858736663888844
776556127436772545878858736843488866
776556127436772545878858763483488866
776556127436772545878858763663488884
776556127436772545878858763663848884
776556127436772545878858763663884884
776556127436772545878858763663888484
776556127436772545878858763663888844
776556127436772545878858763843488866
776556127436772545878858766363488884
776556127436772545878858766363848884
776556127436772545878858766363884884
776556127436772545878858766363888484
776556127436772545878858766363888844
776556127436772545878858766633488884
776556127436772545878858766633848884
776556127436772545878858766633884884
776556127436772545878858766633888484
776556127436772545878858766633888844
776637312486637254576675588875488884
776637312486637254576675588875848884
776637312486637254576675588875884884
776637312486637254576675588875888484
776637312486637254576675588875888844
776637312666637254857754588875488884
776637312666637254857754588875848884
776637312666637254857754588875884884
776637312666637254857754588875888484
776637312666637254857754588875888844
776637312666637258457754588875488884
776637312666637258457754588875848884
776637312666637258457754588875884884
776637312666637258457754588875888484
776637312666637258457754588875888844
776637312846637254576675588875488884
776637312846637254576675588875848884
776637312846637254576675588875884884
776637312846637254576675588875888484
776637312846637254576675588875888844
776637314286637254576675588875488884
776637314286637254576675588875848884
776637314286637254576675588875884884
776637314286637254576675588875888484
776637314286637254576675588875888844
776844833662888758176785556528377644
