776844868644778685522338317876876555
776881544788855237768446665533288776
776881544788855237768446665562887733
776881578885782436623678753544876654
776881578885782436623678753548476654
776881578885782463623678753544876654
776881578885782463623678753548476654
776881578885782466323678753544876654
776881578885782466323678753548476654
776881578885783648347275326654876654
776881578885783648347275326658476654
776881578885783666372487532544876654
776881578885783666372487532548476654
776881578885783666372667532548487544
776881578885783666372667532548847544
776881578885783666372667532584487544
776881578885783666372667532584847544
776881578885783666372748532544876654
776881578885783666372748532548476654
776881578885783666372766532548487544
776881578885783666372766532548847544
776881578885783666372766532584487544
776881578885783666372766532584847544
776881578885783666372784532544876654
776881578885783666372784532548476654
776881578885783666372847532544876654
776881578885783666372847532548476654
776881578885783666374287532544876654
776881578885783666374287532548476654
776881578885783684347275326654876654
776881578885783684347275326658476654
776881578885784236623678753544876654
776881578885784236623678753548476654
776881578885784263623678753544876654
776881578885784263623678753548476654
776881578885784266323678753544876654
776881578885784266323678753548476654
776881578885784836347275326654876654
776881578885784836347275326658476654
776881578885784863347275326654876654
776881578885784863347275326658476654
776881578885786348347275326654876654
776881578885786348347275326658476654
776881578885786366372487532544876654
776881578885786366372487532548476654
776881578885786366372667532548487544
776881578885786366372667532548847544
776881578885786366372667532584487544
776881578885786366372667532584847544
776881578885786366372748532544876654
776881578885786366372748532548476654
776881578885786366372766532548487544
776881578885786366372766532548847544
776881578885786366372766532584487544
776881578885786366372766532584847544
776881578885786366372784532544876654
776881578885786366372784532548476654
776881578885786366372847532544876654
776881578885786366372847532548476654
776881578885786366374287532544876654
776881578885786366374287532548476654
776881578885786384347275326654876654
776881578885786384347275326658476654
776881578885786636372487532544876654
776881578885786636372487532548476654
776881578885786636372667532548487544
776881578885786636372667532548847544
776881578885786636372667532584487544
776881578885786636372667532584847544
776881578885786636372748532544876654
776881578885786636372748532548476654
776881578885786636372766532548487544
776881578885786636372766532548847544
776881578885786636372766532584487544
776881578885786636372766532584847544
776881578885786636372784532544876654
776881578885786636372784532548476654
776881578885786636372847532544876654
776881578885786636372847532548476654
776881578885786636374287532544876654
776881578885786636374287532548476654
776881578885786663372487532544876654
776881578885786663372487532548476654
776881578885786663372667532548487544
776881578885786663372667532548847544
776881578885786663372667532584487544
776881578885786663372667532584847544
776881578885786663372748532544876654
776881578885786663372748532548476654
776881578885786663372766532548487544
776881578885786663372766532548847544
776881578885786663372766532584487544
776881578885786663372766532584847544
776881578885786663372784532544876654
776881578885786663372784532548476654
776881578885786663372847532544876654
776881578885786663372847532548476654
776881578885786663374287532544876654
776881578885786663374287532548476654
776881578885788364347725326654876654
