776881578885788364347725326658476654
776881578885788436347275326654876654
776881578885788436347275326658476654
776881578885788463347275326654876654
776881578885788463347275326658476654
776881578885788634347725326654876654
776881578885788634347725326658476654
776881578885788677653726548426365443
776881578885788677653726548426635443
776881578885788677653726584426365443
776881578885788677653726584426635443
776881578885788767653726548243665443
776881578885788767653726548246365443
776881578885788767653726548246635443
776881578885788767653726584243665443
776881578885788767653726584246365443
776881578885788767653726584246635443
776881587885524437768446665533288776
776881587885524437768446665562887733
776881587885528377644633775568826644
776881587885528377644644665533288776
776881587885528377644644665562887733
776881587885528377644666445523388776
776881587885528377644666445526887733
776881587885528377644667755883326644
776881587885528377644677335568866244
776881587885528377644677655883366244
776881587885783648344327856642776655
776881587885783666343248785442776655
776881587885783666343266785448277554
776881587885783666343266785484277554
776881587885783666343274885442776655
776881587885783666343276685448277554
776881587885783666343276685484277554
776881587885783666343278485442776655
776881587885783666343284785442776655
776881587885783684344327856642776655
776881587885784836344327856642776655
776881587885784863344327856642776655
776881587885786348344327856642776655
776881587885786366343248785442776655
776881587885786366343266785448277554
776881587885786366343266785484277554
776881587885786366343274885442776655
776881587885786366343276685448277554
776881587885786366343276685484277554
776881587885786366343278485442776655
776881587885786366343284785442776655
776881587885786384344327856642776655
776881587885786636343248785442776655
776881587885786636343266785448277554
776881587885786636343266785484277554
776881587885786636343274885442776655
776881587885786636343276685448277554
776881587885786636343276685484277554
776881587885786636343278485442776655
776881587885786636343284785442776655
776881587885786663343248785442776655
776881587885786663343266785448277554
776881587885786663343266785484277554
776881587885786663343274885442776655
776881587885786663343276685448277554
776881587885786663343276685484277554
776881587885786663343278485442776655
776881587885786663343284785442776655
776881587885788364344372856642776655
776881587885788436344327856642776655
776881587885788463344327856642776655
776881587885788634344372856642776655
776881587885788674368756442276365543
776881587885788674368756442276635543
776881587885788764368756424273665543
776881587885788764368756424276365543
776881587885788764368756424276635543
776883344688686655655223881744587777
776883344688686655655223881785777744
776883344688686655675237717445288875
776883364488686655655223881744587777
776883364488686655655223881785777744
776883364488686655675237717445288875
776883366255644447771785887553288866
776883366255644447876532858875887716
776883366255644588817524477775388866
776883366255644744876358258875887716
776883366255644777441788857553882866
776883366255644777817885447553882866
776883366255644788767588855283771644
776883366255644844776532588875887716
776883366255644874476535288875887176
776883366255644877717588447553288866
776883366255644878767588852587371644
776883366255644888665178885257777344
776883366256544888157577744273588866
776883366284488758176785556528377644
776883366288446685565523881744587777
776883366288446685565523881785777744
776883366288446685567537717445288875
776883366288447678815875376244876555
776883366288447678815875556258737644
776883366288447768815875556528377644
