776883366288866556445523881744587777
776883366288866556445523881785777744
776883366288866556447537717445288875
776883366288875844176785556528377644
776883366288875881767555446528377644
776883366288875881767555644528377644
776883366288875881767555685237764444
776883366288875881767555865237764444
776883368886642265564553881744587777
776883368886642265564553881785777744
776883368886644655655223881744587777
776883368886644655655223881785777744
776883368886644655675237717445288875
776883368886646225564553881744587777
776883368886646225564553881785777744
776883368886646455655223881744587777
776883368886646455655223881785777744
776883386886644655655223881744587777
776883386886644655655223881785777744
776883386886644655675237717445288875
776884274366616572885448573673588875
776884274366616572885448576373588875
776884274366616572885857367443588875
776884274366616572885857637443588875
776884277657432666645378885145388875
776884277657432888453756666145388875
776884277657432888453758881453766665
776884277657456666347158885348883275
776884277657456666434133288857588875
776884277657456666758883432413588875
776884277657458883471566665348883275
776884277657458883471588853432766665
776884277657458884341332566667588875
776884277657458884341332576666588875
776884277657458884341332578885766665
776884277657458884341332588875766665
776884277657458887566663432413588875
776884277657458887588834324135766665
776884277675423666654378885413588875
776884277675423888543756666413588875
776884277675423888543758884135766665
776884277675456666343142388857588875
776884277675456666431758885438883725
776884277675456666758884323145388875
776884277675458883431423566667588875
776884277675458883431423588875766665
776884277675458884317566665438883725
776884277675458884317588854337266665
776884277675458887566664323145388875
776884277675458887588843231453766665
776886446888336655655223881744587777
776886446888336655655223881785777744
776886446888336655675237717445288875
776886446888665563355223881744587777
776886446888665563355223881785777744
776886446888665563375237717445288875
776886644888336655655223881744587777
776886644888336655655223881785777744
776886644888336655675237717445288875
776886644888665563355223881744587777
776886644888665563355223881785777744
776886644888665563375237717445288875
776886688833642265564553881744587777
776886688833642265564553881785777744
776886688833644655655223881744587777
776886688833644655655223881785777744
776886688833644655675237717445288875
776886688833646225564553881744587777
776886688833646225564553881785777744
776886688833646455655223881744587777
776886688833646455655223881785777744
776886688866422556433553881744587777
776886688866422556433553881785777744
776886688866445563355223881744587777
776886688866445563355223881785777744
776886688866445563375237717445288875
776886778866448826685337552487375514
776886778866448826685547781374255533
776886778866448826685553372487731554
776886778866448826685573354287371554
776886778866448826687335554283775514
776886778866448826687455783174552533
776886778866448826687554781347525533
776886778866448826687745583147555233
776886864444778685522338317876876555
776886864487768445522338317876876555
776886864487768855223331787644876555
776886864487768855223331787687655544
776886864487768874455387622338176555
776886864487768874458876765355513322
776886864487768878553762233448176555
776886864487768878587674465355513322
776886868815788855273325567637764444
776886868815788855276255673337764444
776886868833644655655223881744587777
776886868833644655655223881785777744
776886868833644655675237717445288875
776886868866445563355223881744587777
776886868866445563355223881785777744
776886868866445563375237717445288875
