777348341276632665577665588875488884
777348341276632665577665588875848884
777348341276632665577665588875884884
777348341276632665577665588875888484
777348341276632665577665588875888844
777366312487663254577665588875488884
777366312487663254577665588875848884
777366312487663254577665588875884884
777366312487663254577665588875888484
777366312487663254577665588875888844
777366312667663254857754588875488884
777366312667663254857754588875848884
777366312667663254857754588875884884
777366312667663254857754588875888484
777366312667663254857754588875888844
777366312667663258457754588875488884
777366312667663258457754588875848884
777366312667663258457754588875884884
777366312667663258457754588875888484
777366312667663258457754588875888844
777366312847663254577665588875488884
777366312847663254577665588875848884
777366312847663254577665588875884884
777366312847663254577665588875888484
777366312847663254577665588875888844
777366314287663254577665588875488884
777366314287663254577665588875848884
777366314287663254577665588875884884
777366314287663254577665588875888484
777366314287663254577665588875888844
777384341276632665577665588875488884
777384341276632665577665588875848884
777384341276632665577665588875884884
777384341276632665577665588875888484
777384341276632665577665588875888844
777555782266544854784136883386688776
777555782266544854784136886863388776
777555782266548454784136883386688776
777555782266548454784136886863388776
777555784665224854784136883386688776
777555784665224854784136886863388776
777555784665228454784136883386688776
777555784665228454784136886863388776
777555785475136488226446883386688776
777555785475136488226446886863388776
777555785475136488464622883386688776
777555785475136488464622886863388776
777555785475136488622446883386688776
777555785475136488622446886863388776
777555785475136488644622883386688776
777555785475136488644622886863388776
777555785475136848226446883386688776
777555785475136848226446886863388776
777555785475136848464622883386688776
777555785475136848464622886863388776
777555785475136848622446883386688776
777555785475136848622446886863388776
777555785475136848644622883386688776
777555785475136848644622886863388776
777555785574314688464226883386688776
777555785574314688464226886863388776
777555785574316488226446883386688776
777555785574316488226446886863388776
777555785574316488226868338644688776
777555785574316488226868338664488776
777555785574316488226868338668877644
777555785574316488226868338686877644
777555785574316488226868684463388776
777555785574316488226868686443388776
777555785574316488226868686833877644
777555785574316488226868688633877644
777555785574316488464622883386688776
777555785574316488464622886863388776
777555785574316488622446883386688776
777555785574316488622446886863388776
777555785574316488644622883386688776
777555785574316488644622886863388776
777555786226544854784136883386688776
777555786226544854784136886863388776
777555786226548454784136883386688776
777555786226548454784136886863388776
777555786465224854784136883386688776
777555786465224854784136886863388776
777555786465228454784136883386688776
777555786465228454784136886863388776
777555786622544854784136883386688776
777555786622544854784136886863388776
777555786622548454784136883386688776
777555786622548454784136886863388776
777555786645224854784136883386688776
777555786645224854784136886863388776
777555786645228454784136883386688776
777555786645228454784136886863388776
777555787455316488644262883386688776
777555787455316488644262886863388776
777555787455316848644262883386688776
777555787455316848644262886863388776
777555788856685474813688662338772644
777636312487663254577665588875488884
777636312487663254577665588875848884
