777636312487663254577665588875884884
777636312487663254577665588875888484
777636312487663254577665588875888844
777636312667663254857754588875488884
777636312667663254857754588875848884
777636312667663254857754588875884884
777636312667663254857754588875888484
777636312667663254857754588875888844
777636312667663258457754588875488884
777636312667663258457754588875848884
777636312667663258457754588875884884
777636312667663258457754588875888484
777636312667663258457754588875888844
777636312847663254577665588875488884
777636312847663254577665588875848884
777636312847663254577665588875884884
777636312847663254577665588875888484
777636312847663254577665588875888844
777636314287663254577665588875488884
777636314287663254577665588875848884
777636314287663254577665588875884884
777636314287663254577665588875888484
777636314287663254577665588875888844
777663312487663254577665588875488884
777663312487663254577665588875848884
777663312487663254577665588875884884
777663312487663254577665588875888484
777663312487663254577665588875888844
777663312667663254857754588875488884
777663312667663254857754588875848884
777663312667663254857754588875884884
777663312667663254857754588875888484
777663312667663254857754588875888844
777663312667663258457754588875488884
777663312667663258457754588875848884
777663312667663258457754588875884884
777663312667663258457754588875888484
777663312667663258457754588875888844
777663312847663254577665588875488884
777663312847663254577665588875848884
777663312847663254577665588875884884
777663312847663254577665588875888484
777663312847663254577665588875888844
777663314287663254577665588875488884
777663314287663254577665588875848884
777663314287663254577665588875884884
777663314287663254577665588875888484
777663314287663254577665588875888844
777744354488527858816686665533288776
777744354488527858816686665562887733
777744358885275448816686665533288776
777744358885275448816686665562887733
777744358885275888166633775568826644
777744358885275888166644665533288776
777744358885275888166644665562887733
777744358885275888166666445523388776
777744358885275888166666445526887733
777744358885275888166667755883326644
777744358885275888166677335568866244
777744358885275888166677655883366244
777744448866875655233761887355888266
777744448866875655267188733355888266
777744833446868868622558137867876555
777744833644868868622558137867876555
777744833688686448622558137867876555
777744833868686224864558137867876555
777744833868686448622558137867876555
777744833877684468653158226557588866
777744844668886683322558137867876555
777744855567878675538813322446688866
777744855567878675538813322644688866
777744855567878675538813322664488866
777744855567878675538813322668886644
777744855567878675538813322686886644
777744855567878675538813322866886644
777744855567878675538813346462288866
777744855567878675538816224463388866
777744855567878675538816224466888633
777744855567878675538816226443388866
777744855567878675538816226446888633
777744855567878675538816226833886644
777744855567878675538816226868864433
777744855567878675538816228633886644
777744855567878675538816228668864433
777744855567878675538816464223388866
777744855567878675538816464226888633
777744864468883368622558137867876555
777744864468886683322558137867876555
777744866448883368622558137867876555
777744866448886683322558137867876555
777744866888336448622558137867876555
777744866888575533562258813664488776
777744866888575565225883313664488776
777744866888575565225886136443388776
777744866888575565225886136446887733
777744866888664483322558137867876555
777744868688336224864558137867876555
777744868688336448622558137867876555
777744868688662248433558137867876555
777744868688664483322558137867876555
