777744868778334468653158226557588866
777744868778644685333158226557588866
777744868778644685361582255733588866
777744876555788673558833122446688866
777744876555788673558833122644688866
777744876555788673558833122664488866
777744876555788673558833122668886644
777744876555788673558833122686886644
777744876555788673558833122866886644
777744876555788673558833146462288866
777744876555788673558861224463388866
777744876555788673558861224466888633
777744876555788673558861226443388866
777744876555788673558861226446888633
777744876555788673558861226833886644
777744876555788673558861226868864433
777744876555788673558861228633886644
777744876555788673558861228668864433
777744876555788673558861446223388866
777744876555788673558861446226888633
777744877833686448635518226755588866
777744877868336448635518226755588866
777744877868664483533518226755588866
777744877868664483565182275553388866
777744878853556155226446883386688776
777744878853556155226446886863388776
777744878853556155226446886866887733
777744878853556155332244668886688776
777744878853556155332264468886688776
777744878853556155332268688664488776
777744878853556155332277688446688866
777744878853556155332277688644688866
777744878853556155332277688664488866
777744878853556155332277688668886644
777744878853556155332277688686886644
777744878853556155332277688866886644
777744878853556155332286688664488776
777744878853556155334466228886688776
777744878853556155442668886633288776
777744878853556155442668886662887733
777744878853556155464622883386688776
777744878853556155464622886863388776
777744878853556155464622886866887733
777744878853556155622446883386688776
777744878853556155622446886863388776
777744878853556155622446886866887733
777744878853556155622644883386688776
777744878853556155622644886863388776
777744878853556155622644886866887733
777744878853556155622688833664488776
777744878853556155622688866443388776
777744878853556155622688866446887733
777744878853556155622778833446688866
777744878853556155622778833644688866
777744878853556155622778833664488866
777744878853556155622778833668886644
777744878853556155622778833686886644
777744878853556155622778833866886644
777744878853556155622778864463388866
777744878853556155622778864466888633
777744878853556155622778866443388866
777744878853556155622778866446888633
777744878853556155622778866833886644
777744878853556155622778866868864433
777744878853556155622778868633886644
777744878853556155622778868668864433
777744878853556155622868833664488776
777744878853556155622868866443388776
777744878853556155622868866446887733
777744878853556155644622883386688776
777744878853556155644622886863388776
777744878853556155644622886866887733
777744878853556155826338867768866244
777744878853556155826688337768826644
777744878853556155826688446633288776
777744878853556155826688446662887733
777744878853556155826688664423388776
777744878853556155826688664426887733
777744878853556155826688677883326644
777744878853556155826688773368866244
777744878853556155826688776883366244
777744884463368868655228317876876555
777744884466886338655228317876876555
777744884466886685522338317876876555
777744886443368868655228317876876555
777744886446886338655228317876876555
777744886446886685522338317876876555
777744886644886685522338317876876555
777744886688664483322558137867876555
777744886688668445522338317876876555
777744886833686842264558317876876555
777744886833686844655228317876876555
777744886868633842264558317876876555
777744886868633844655228317876876555
777744886868668422455338317876876555
777744886868668445522338317876876555
777744888633686844655228317876876555
777744888664475655233761887355888266
777744888664475655267188733355888266
777744888668633844655228317876876555
