777744888668668445522338317876876555
777744888668753355658522831664488776
777744888668756555852283331664488776
777744888668756555852286316443388776
777744888668756555852286316446887733
777744888753556133552244668886688776
777744888753556133552264468886688776
777744888753556133552268688664488776
777744888753556133552277688644688866
777744888753556133552277688664488866
777744888753556133552277688668886644
777744888753556133552277688686886644
777744888753556133552286688664488776
777744888753556133554466228886688776
777744888753556165522446883386688776
777744888753556165522446886863388776
777744888753556165522446886866887733
777744888753556165522644883386688776
777744888753556165522644886863388776
777744888753556165522644886866887733
777744888753556165522688833664488776
777744888753556165522688866443388776
777744888753556165522688866446887733
777744888753556165522778833644688866
777744888753556165522778833664488866
777744888753556165522778833668886644
777744888753556165522778833686886644
777744888753556165522778864463388866
777744888753556165522778864466888633
777744888753556165522778866443388866
777744888753556165522778866446888633
777744888753556165522778866833886644
777744888753556165522778866868864433
777744888753556165522778868633886644
777744888753556165522778868668864433
777744888753556165522868833664488776
777744888753556165522868866443388776
777744888753556165522868866446887733
777744888753556165544622883386688776
777744888753556165544622886863388776
777744888753556165544622886866887733
777783344684468868622558137867876555
777783344688686864422558137867876555
777783344688686868225513786744876555
777783344688686868225513786787655544
777783364484468868622558137867876555
777783364488686864422558137867876555
777783364488686868225513786744876555
777783364488686868225513786787655544
777783368844686448622558137867876555
777783368886644864422558137867876555
777783368886644868225513786744876555
777783368886644868225513786787655544
777783386844686224864558137867876555
777783386844686448622558137867876555
777783386886622486444558137867876555
777783386886622486845513786744876555
777783386886622486845513786787655544
777783386886644864422558137867876555
777783386886644868225513786744876555
777783386886644868225513786787655544
777783387744684468653158226557588866
777783387786446864453158226557588866
777783387786446868531522655744588866
777783387786446868531522655785886644
777784466844886683322558137867876555
777784466888668443322558137867876555
777784466888668833225513786744876555
777784466888668833225513786787655544
777784468338686877686886422735515554
777784468688633877686886422735515554
777784486684475655233761887355888266
777784486684475655267188733355888266
777784846684475655233761887355888266
777784846684475655267188733355888266
777784888845488383453776565227666165
777784888845566682251883456547773663
777784888845566682251883456547776363
777784888845566683618833562254777654
777784888845566683618833564577722654
777784888845566683618833564577746522
777784888845566683618833565224777654
777784888845566683618833565477722654
777784888845566683618833565477746522
777784888845566684518832256547773663
777784888845566684518832256547776363
777784888845566684518834565227773663
777784888845566684518834565227776363
777784888845566685221883456547773663
777784888845566685221883456547776363
777784888845566685418832256547773663
777784888845566685418832256547776363
777784888845566685418834565227773663
777784888845566685418834565227776363
777784888845566686318833562254777654
777784888845566686318833564577722654
777784888845566686318833564577746522
777784888845566686318833565224777654
777784888845566686318833565477722654
777784888845566686318833565477746522
