777784888845836683522837556541776664
777784888845848383453776565227666165
777784888845863683522837556541776664
777784888845866383522837556541776664
777784888845884383453776565227666165
777785488383453776565227486165488866
777785488383453776565227666165488884
777785488383453776565227666165848884
777785488383453776565227666165884884
777785488383453776565227666165888484
777785488383453776565227666165888844
777785488383453776565227846165488866
777785556744878675538813322446688866
777785556744878675538813322644688866
777785556744878675538813322664488866
777785556744878675538813322668886644
777785556744878675538813322686886644
777785556744878675538813322866886644
777785556744878675538813346462288866
777785556744878675538816224463388866
777785556744878675538816224466888633
777785556744878675538816226443388866
777785556744878675538816226446888633
777785556744878675538816226833886644
777785556744878675538816226868864433
777785556744878675538816228633886644
777785556744878675538816228668864433
777785556744878675538816464223388866
777785556744878675538816464226888633
777785556788767445538813322446688866
777785556788767445538813322644688866
777785556788767445538813322664488866
777785556788767445538813322668886644
777785556788767445538813322686886644
777785556788767445538813322866886644
777785556788767445538813346462288866
777785556788767445538816224463388866
777785556788767445538816224466888633
777785556788767445538816226443388866
777785556788767445538816226446888633
777785556788767445538816226833886644
777785556788767445538816226868864433
777785556788767445538816228633886644
777785556788767445538816228668864433
777785556788767445538816464223388866
777785556788767445538816464226888633
777785556788767855381332244446688866
777785556788767855381332244644688866
777785556788767855381332244664488866
777785556788767855381332244668886644
777785556788767855381332244686886644
777785556788767855381332244866886644
777785556788767855381332264444688866
777785556788767855381332264464488866
777785556788767855381332264468886644
777785556788767855381332264486886644
777785556788767855381332266444488866
777785556788767855381332266448886644
777785556788767855381332266844886644
777785556788767855381332266888664444
777785556788767855381332268446886644
777785556788767855381332268644886644
777785556788767855381332268688664444
777785556788767855381332268868664444
777785556788767855381332284466886644
777785556788767855381332286446886644
777785556788767855381332286644886644
777785556788767855381332286688664444
777785556788767855381332286868664444
777785556788767855381332288668664444
777785556788767855381334644462288866
777785556788767855381334646442288866
777785556788767855381334646822886644
777785556788767855381334648622886644
777785556788767855381622446443388866
777785556788767855381622446446888633
777785556788767855381622446833886644
777785556788767855381622446868864433
777785556788767855381622644443388866
777785556788767855381622644446888633
777785556788767855381622644833886644
777785556788767855381622644868864433
777785556788767855381622684433886644
777785556788767855381622684468864433
777785556788767855381622688338664444
777785556788767855381622688686444433
777785556788767855381622864433886644
777785556788767855381622864468864433
777785556788767855381622868338664444
777785556788767855381622868686444433
777785556788767855381646444223388866
777785556788767855381646444226888633
777785556788767855381646482233886644
777785556788767855381646482268864433
777785566682251883456547773663488884
777785566682251883456547773663848884
777785566682251883456547773663884884
777785566682251883456547773663888484
777785566682251883456547773663888844
777785566682251883456547776363488884
