777785566682251883456547776363848884
777785566682251883456547776363884884
777785566682251883456547776363888484
777785566682251883456547776363888844
777785566683618833562254777654488884
777785566683618833562254777654848884
777785566683618833562254777654884884
777785566683618833562254777654888484
777785566683618833562254777654888844
777785566683618833564577722654488884
777785566683618833564577722654848884
777785566683618833564577722654884884
777785566683618833564577722654888484
777785566683618833564577722654888844
777785566683618833564577746522488884
777785566683618833564577746522848884
777785566683618833564577746522884884
777785566683618833564577746522888484
777785566683618833564577746522888844
777785566683618833564577746548888224
777785566683618833564577746548888422
777785566683618833565224777654488884
777785566683618833565224777654848884
777785566683618833565224777654884884
777785566683618833565224777654888484
777785566683618833565224777654888844
777785566683618833565477722654488884
777785566683618833565477722654848884
777785566683618833565477722654884884
777785566683618833565477722654888484
777785566683618833565477722654888844
777785566683618833565477746522488884
777785566683618833565477746522848884
777785566683618833565477746522884884
777785566683618833565477746522888484
777785566683618833565477746522888844
777785566684518832256547773663488884
777785566684518832256547773663848884
777785566684518832256547773663884884
777785566684518832256547773663888484
777785566684518832256547773663888844
777785566684518832256547776363488884
777785566684518832256547776363848884
777785566684518832256547776363884884
777785566684518832256547776363888484
777785566684518832256547776363888844
777785566684518834565227773663488884
777785566684518834565227773663848884
777785566684518834565227773663884884
777785566684518834565227773663888484
777785566684518834565227773663888844
777785566684518834565227776363488884
777785566684518834565227776363848884
777785566684518834565227776363884884
777785566684518834565227776363888484
777785566684518834565227776363888844
777785566685221883456547773663488884
777785566685221883456547773663848884
777785566685221883456547773663884884
777785566685221883456547773663888484
777785566685221883456547773663888844
777785566685221883456547776363488884
777785566685221883456547776363848884
777785566685221883456547776363884884
777785566685221883456547776363888484
777785566685221883456547776363888844
777785566685418832256547773663488884
777785566685418832256547773663848884
777785566685418832256547773663884884
777785566685418832256547773663888484
777785566685418832256547773663888844
777785566685418832256547776363488884
777785566685418832256547776363848884
777785566685418832256547776363884884
777785566685418832256547776363888484
777785566685418832256547776363888844
777785566685418834565227773663488884
777785566685418834565227773663848884
777785566685418834565227773663884884
777785566685418834565227773663888484
777785566685418834565227773663888844
777785566685418834565227776363488884
777785566685418834565227776363848884
777785566685418834565227776363884884
777785566685418834565227776363888484
777785566685418834565227776363888844
777785566686318833562254777654488884
777785566686318833562254777654848884
777785566686318833562254777654884884
777785566686318833562254777654888484
777785566686318833562254777654888844
777785566686318833564577722654488884
777785566686318833564577722654848884
777785566686318833564577722654884884
777785566686318833564577722654888484
777785566686318833564577722654888844
777785566686318833564577746522488884
777785566686318833564577746522848884
777785566686318833564577746522884884
777785566686318833564577746522888484
