777785566686318833564577746522888844
777785566686318833564577746548888224
777785566686318833564577746548888422
777785566686318833565224777654488884
777785566686318833565224777654848884
777785566686318833565224777654884884
777785566686318833565224777654888484
777785566686318833565224777654888844
777785566686318833565477722654488884
777785566686318833565477722654848884
777785566686318833565477722654884884
777785566686318833565477722654888484
777785566686318833565477722654888844
777785566686318833565477746522488884
777785566686318833565477746522848884
777785566686318833565477746522884884
777785566686318833565477746522888484
777785566686318833565477746522888844
777785836683522837556541774864488866
777785836683522837556541776664488884
777785836683522837556541776664848884
777785836683522837556541776664884884
777785836683522837556541776664888484
777785836683522837556541776664888844
777785836683522837556541778464488866
777785848383453776565227486165488866
777785848383453776565227666165488884
777785848383453776565227666165848884
777785848383453776565227666165884884
777785848383453776565227666165888484
777785848383453776565227666165888844
777785848383453776565227846165488866
777785863683522837556541774864488866
777785863683522837556541776664488884
777785863683522837556541776664848884
777785863683522837556541776664884884
777785863683522837556541776664888484
777785863683522837556541776664888844
777785863683522837556541778464488866
777785866383522837556541774864488866
777785866383522837556541776664488884
777785866383522837556541776664848884
777785866383522837556541776664884884
777785866383522837556541776664888484
777785866383522837556541776664888844
777785866383522837556541778464488866
777785884383453776565227486165488866
777785884383453776565227666165488884
777785884383453776565227666165848884
777785884383453776565227666165884884
777785884383453776565227666165888484
777785884383453776565227666165888844
777785884383453776565227846165488866
777786446844883368622558137867876555
777786446844886683322558137867876555
777786446888336864422558137867876555
777786446888336868225513786744876555
777786446888336868225513786787655544
777786446888668443322558137867876555
777786446888668833225513786744876555
777786446888668833225513786787655544
777786448338686877686886422735515554
777786448688633877686886422735515554
777786644844883368622558137867876555
777786644844886683322558137867876555
777786644888336864422558137867876555
777786644888336868225513786744876555
777786644888336868225513786787655544
777786644888668443322558137867876555
777786644888668833225513786744876555
777786644888668833225513786787655544
777786646684572285385348835456881776
777786646684572285385384835456881776
777786688448336448622558137867876555
777786688448575533562258813664488776
777786688448575565225883313664488776
777786688448575565225886136443388776
777786688448575565225886136446887733
777786688448664483322558137867876555
777786688833644864422558137867876555
777786688833644868225513786744876555
777786688833644868225513786787655544
777786688857553344562258813664488776
777786688857553385622581364464488776
777786688857553385622581366444488776
777786688857553385622581366844877644
777786688857553385622581368644877644
777786688857556445225883313664488776
777786688857556445225886136443388776
777786688857556445225886136446887733
777786688857556852258331364464488776
777786688857556852258331366444488776
777786688857556852258331366844877644
777786688857556852258331368644877644
777786688857556852258613644443388776
777786688857556852258613644446887733
777786688857556852258613684433877644
777786688857556852258613684468774433
777786688857583265548656748812473643
777786688857583265548656748812476343
