777786688857583265584656748812473643
777786688857583265584656748812476343
777786688866448443322558137867876555
777786688866448833225513786744876555
777786688866448833225513786787655544
777786688882236658314588354654777654
777786688882236658314588356454777654
777786688882263658314588354654777654
777786688882263658314588356454777654
777786688882266358314588354654777654
777786688882266358314588356454777654
777786688882266538314588354654777654
777786688882266538314588356454777654
777786868448336224864558137867876555
777786868448336448622558137867876555
777786868448662248433558137867876555
777786868448664483322558137867876555
777786868833622486444558137867876555
777786868833622486845513786744876555
777786868833622486845513786787655544
777786868833644864422558137867876555
777786868833644868225513786744876555
777786868833644868225513786787655544
777786868866224844433558137867876555
777786868866224884335513786744876555
777786868866224884335513786787655544
777786868866448443322558137867876555
777786868866448833225513786744876555
777786868866448833225513786787655544
777786877448334468653158226557588866
777786877448644685333158226557588866
777786877448644685361582255733588866
777786877833446864453158226557588866
777786877833446868531522655744588866
777786877833446868531522655785886644
777786877864468445333158226557588866
777786877864468445361582255733588866
777786877864468853331522655744588866
777786877864468853331522655785886644
777786877864468853615225574433588866
777786877864468853615225578335886644
777786883326446778866888642375555514
777786883386644877686886422735515554
777786883386688776226488644375155554
777786883386688776226555564488375144
777786883386688776226555564848375144
777786883386688776226555564884375144
777786883386688776226848644375155554
777786883386688776226884644375155554
777786883386688776374885144226655554
777786883386688776374885144466555522
777786883386688776374885144622655554
777786883386688776374885144646555522
777786883386688776374885144662255554
777786883386688776374885144664555522
777786883386688776375555514488226644
777786883386688776375555514488466422
777786883386688776375555514488622644
777786883386688776375555514488646422
777786883386688776375555514488662244
777786883386688776375555514488664422
777786883386688776375555514848226644
777786883386688776375555514848466422
777786883386688776375555514848622644
777786883386688776375555514848646422
777786883386688776375555514848662244
777786883386688776375555514848664422
777786883386688776375555514884226644
777786883386688776375555514884466422
777786883386688776375555514884622644
777786883386688776375555514884646422
777786883386688776375555514884662244
777786883386688776375555514884664422
777786883386688776378485144226655554
777786883386688776378485144466555522
777786883386688776378485144622655554
777786883386688776378485144646555522
777786883386688776378485144662255554
777786883386688776378485144664555522
777786883386688776378845144226655554
777786883386688776378845144466555522
777786883386688776378845144622655554
777786883386688776378845144646555522
777786883386688776378845144662255554
777786883386688776378845144664555522
777786883386688776422688644735515554
777786883386688776446886422735515554
777786883386688776455547641388226554
777786883386688776455547641388465522
777786883386688776455547641388622554
777786883386688776455547641388645522
777786883386688776462288644735515554
777786883386688776464886224375155554
777786883386688776464886422735515554
777786883386688776465555622488375144
777786883386688776465555622848375144
777786883386688776465555622884375144
777786883386688776468486224375155554
777786883386688776468846224375155554
777786883386688776474555643188226554
