777786883386688776474555643188465522
777786883386688776474555643188622554
777786883386688776474555643188645522
777786883386688776488226644375555514
777786883386688776488466422375555514
777786883386688776488622644375555514
777786883386688776488646422375555514
777786883386688776622488644375155554
777786883386688776622555564488375144
777786883386688776622555564848375144
777786883386688776622555564884375144
777786883386688776622848644375155554
777786883386688776622884644375155554
777786883386688776644886224375155554
777786883386688776645555622488375144
777786883386688776645555622848375144
777786883386688776645555622884375144
777786883386688776648486224375155554
777786883386688776648846224375155554
777786883386688776848226644375555514
777786883386688776848466422375555514
777786883386688776848622644375555514
777786883386688776848646422375555514
777786883386688776884226644375555514
777786883386688776884466422375555514
777786883386688776884622644375555514
777786883386688776884646422375555514
777786886863344877686886422735515554
777786886863388776226488644375155554
777786886863388776226555564488375144
777786886863388776226555564848375144
777786886863388776226555564884375144
777786886863388776226848644375155554
777786886863388776226884644375155554
777786886863388776374885144226655554
777786886863388776374885144466555522
777786886863388776374885144622655554
777786886863388776374885144646555522
777786886863388776374885144662255554
777786886863388776374885144664555522
777786886863388776375555514488226644
777786886863388776375555514488466422
777786886863388776375555514488622644
777786886863388776375555514488646422
777786886863388776375555514488662244
777786886863388776375555514488664422
777786886863388776375555514848226644
777786886863388776375555514848466422
777786886863388776375555514848622644
777786886863388776375555514848646422
777786886863388776375555514848662244
777786886863388776375555514848664422
777786886863388776375555514884226644
777786886863388776375555514884466422
777786886863388776375555514884622644
777786886863388776375555514884646422
777786886863388776375555514884662244
777786886863388776375555514884664422
777786886863388776378485144226655554
777786886863388776378485144466555522
777786886863388776378485144622655554
777786886863388776378485144646555522
777786886863388776378485144662255554
777786886863388776378485144664555522
777786886863388776378845144226655554
777786886863388776378845144466555522
777786886863388776378845144622655554
777786886863388776378845144646555522
777786886863388776378845144662255554
777786886863388776378845144664555522
777786886863388776422688644735515554
777786886863388776446886422735515554
777786886863388776455547641388226554
777786886863388776455547641388465522
777786886863388776455547641388622554
777786886863388776455547641388645522
777786886863388776462288644735515554
777786886863388776464886224375155554
777786886863388776464886422735515554
777786886863388776465555622488375144
777786886863388776465555622848375144
777786886863388776465555622884375144
777786886863388776468486224375155554
777786886863388776468846224375155554
777786886863388776474555643188226554
777786886863388776474555643188465522
777786886863388776474555643188622554
777786886863388776474555643188645522
777786886863388776488226644375555514
777786886863388776488466422375555514
777786886863388776488622644375555514
777786886863388776488646422375555514
777786886863388776622488644375155554
777786886863388776622555564488375144
777786886863388776622555564848375144
777786886863388776622555564884375144
777786886863388776622848644375155554
777786886863388776622884644375155554
777786886863388776644886224375155554
777786886863388776645555622488375144
