777786886863388776645555622848375144
777786886863388776645555622884375144
777786886863388776648486224375155554
777786886863388776648846224375155554
777786886863388776848226644375555514
777786886863388776848466422375555514
777786886863388776848622644375555514
777786886863388776848646422375555514
777786886863388776884226644375555514
777786886863388776884466422375555514
777786886863388776884622644375555514
777786886863388776884646422375555514
777787588823814466862473847558366655
777787655544788673558833122446688866
777787655544788673558833122644688866
777787655544788673558833122664488866
777787655544788673558833122668886644
777787655544788673558833122686886644
777787655544788673558833122866886644
777787655544788673558833146462288866
777787655544788673558861224463388866
777787655544788673558861224466888633
777787655544788673558861226443388866
777787655544788673558861226446888633
777787655544788673558861226833886644
777787655544788673558861226868864433
777787655544788673558861228633886644
777787655544788673558861228668864433
777787655544788673558861446223388866
777787655544788673558861446226888633
777787655587867443558833122446688866
777787655587867443558833122644688866
777787655587867443558833122664488866
777787655587867443558833122668886644
777787655587867443558833122686886644
777787655587867443558833122866886644
777787655587867443558833146462288866
777787655587867443558861224463388866
777787655587867443558861224466888633
777787655587867443558861226443388866
777787655587867443558861226446888633
777787655587867443558861226833886644
777787655587867443558861226868864433
777787655587867443558861228633886644
777787655587867443558861228668864433
777787655587867443558861446223388866
777787655587867443558861446226888633
777787655587867835583312244664488866
777787655587867835583312244668886644
777787655587867835583312264464488866
777787655587867835583312264468886644
777787655587867835583312266444488866
777787655587867835583312266448886644
777787655587867835583312266844886644
777787655587867835583312266888664444
777787655587867835583312268644886644
777787655587867835583312268688664444
777787655587867835583312286644886644
777787655587867835583312286688664444
777787655587867835583314646442288866
777787655587867835583314646822886644
777787655587867835586122446443388866
777787655587867835586122446446888633
777787655587867835586122446833886644
777787655587867835586122446868864433
777787655587867835586122644443388866
777787655587867835586122644446888633
777787655587867835586122644833886644
777787655587867835586122644868864433
777787655587867835586122684433886644
777787655587867835586122684468864433
777787655587867835586122688338664444
777787655587867835586122688686444433
777787655587867835586122864433886644
777787655587867835586122864468864433
777787655587867835586122868338664444
777787655587867835586122868686444433
777787655587867835586144644223388866
777787655587867835586144644226888633
777787655587867835586144682233886644
777787655587867835586144682268864433
777787783344686448635518226755588866
777787783386644844635518226755588866
777787783386644864435518226755588866
777787783386644868355122675544588866
777787783386644868355122675585886644
777787783386644886355122675544588866
777787786448336448635518226755588866
777787786448664483533518226755588866
777787786448664483565182275553388866
777787786833644844635518226755588866
777787786833644864435518226755588866
777787786833644868355122675544588866
777787786833644868355122675585886644
777787786833644886355122675544588866
777787786866448443533518226755588866
777787786866448443565182275553388866
777787786866448835335122675544588866
777787786866448835335122675585886644
777787786866448835651227554453388866
