777787786866448835651227558533886644
777787885443556155226446883386688776
777787885443556155226446886863388776
777787885443556155226446886866887733
777787885443556155332244668886688776
777787885443556155332264468886688776
777787885443556155332268688664488776
777787885443556155332277688446688866
777787885443556155332277688644688866
777787885443556155332277688664488866
777787885443556155332277688668886644
777787885443556155332277688686886644
777787885443556155332277688866886644
777787885443556155332286688664488776
777787885443556155334466228886688776
777787885443556155442668886633288776
777787885443556155442668886662887733
777787885443556155464622883386688776
777787885443556155464622886863388776
777787885443556155464622886866887733
777787885443556155622446883386688776
777787885443556155622446886863388776
777787885443556155622446886866887733
777787885443556155622644883386688776
777787885443556155622644886863388776
777787885443556155622644886866887733
777787885443556155622688833664488776
777787885443556155622688866443388776
777787885443556155622688866446887733
777787885443556155622778833446688866
777787885443556155622778833644688866
777787885443556155622778833664488866
777787885443556155622778833668886644
777787885443556155622778833686886644
777787885443556155622778833866886644
777787885443556155622778864463388866
777787885443556155622778864466888633
777787885443556155622778866443388866
777787885443556155622778866446888633
777787885443556155622778866833886644
777787885443556155622778866868864433
777787885443556155622778868633886644
777787885443556155622778868668864433
777787885443556155622868833664488776
777787885443556155622868866443388776
777787885443556155622868866446887733
777787885443556155644622883386688776
777787885443556155644622886863388776
777787885443556155644622886866887733
777787885443556155826338867768866244
777787885443556155826688337768826644
777787885443556155826688446633288776
777787885443556155826688446662887733
777787885443556155826688664423388776
777787885443556155826688664426887733
777787885443556155826688677883326644
777787885443556155826688773368866244
777787885443556155826688776883366244
777788446334468868655228317876876555
777788446338686864455228317876876555
777788446338686868552231787644876555
777788446338686868552231787687655544
777788446644886338655228317876876555
777788446644886685522338317876876555
777788446684475655233761887355888266
777788446684475655267188733355888266
777788446686247384755831367255588866
777788446688633864455228317876876555
777788446688633868552231787644876555
777788446688633868552231787687655544
777788446688668445522338317876876555
777788446688668855223331787644876555
777788446688668855223331787687655544
777788446688668874455387622338176555
777788446688668874458876765355513322
777788446688668878553762233448176555
777788446688668878587674465355513322
777788488845488383453776565227666165
777788488845566682251883456547773663
777788488845566682251883456547776363
777788488845566683618833562254777654
777788488845566683618833564577722654
777788488845566683618833564577746522
777788488845566683618833565224777654
777788488845566683618833565477722654
777788488845566683618833565477746522
777788488845566684518832256547773663
777788488845566684518832256547776363
777788488845566684518834565227773663
777788488845566684518834565227776363
777788488845566685221883456547773663
777788488845566685221883456547776363
777788488845566685418832256547773663
777788488845566685418832256547776363
777788488845566685418834565227773663
777788488845566685418834565227776363
777788488845566686318833562254777654
777788488845566686318833564577722654
777788488845566686318833564577746522
777788488845566686318833565224777654
