777788488845566686318833565477722654
777788488845566686318833565477746522
777788488845836683522837556541776664
777788488845848383453776565227666165
777788488845863683522837556541776664
777788488845866383522837556541776664
777788488845884383453776565227666165
777788644334468868655228317876876555
777788644338686864455228317876876555
777788644338686868552231787644876555
777788644338686868552231787687655544
777788644644886338655228317876876555
777788644644886685522338317876876555
777788644688633864455228317876876555
777788644688633868552231787644876555
777788644688633868552231787687655544
777788644688668445522338317876876555
777788644688668855223331787644876555
777788644688668855223331787687655544
777788644688668874455387622338176555
777788644688668874458876765355513322
777788644688668878553762233448176555
777788644688668878587674465355513322
777788664444886685522338317876876555
777788664488668445522338317876876555
777788664488668855223331787644876555
777788664488668855223331787687655544
777788664488668874455387622338176555
777788664488668874458876765355513322
777788664488668878553762233448176555
777788664488668878587674465355513322
777788668448664483322558137867876555
777788668448668445522338317876876555
777788668822866358314588354654777654
777788668822866358314588356454777654
777788668822866538314588354654777654
777788668822866538314588356454777654
777788668866448443322558137867876555
777788668866448833225513786744876555
777788668866448833225513786787655544
777788668866844445522338317876876555
777788668866844855223331787644876555
777788668866844855223331787687655544
777788668866844874455387622338176555
777788668866844874458876765355513322
777788668866844878553762233448176555
777788668866844878587674465355513322
777788668882253668341588345654777654
777788683326446778866888642375555514
777788683344686842264558317876876555
777788683344686844655228317876876555
777788683386644877686886422735515554
777788683386684226444558317876876555
777788683386684226845531787644876555
777788683386684226845531787687655544
777788683386684464455228317876876555
777788683386684468552231787644876555
777788683386684468552231787687655544
777788683386688776422688644735515554
777788683386688776622488464731555554
777788683386688776622555546488731544
777788683386688776622555546848731544
777788683386688776622555546884731544
777788683386688776622848464731555554
777788683386688776622884464731555554
777788683386688776848226644375555514
777788683386688776848466422375555514
777788683386688776848622644375555514
777788683386688776848646422375555514
777788683386688776884226644375555514
777788683386688776884466422375555514
777788683386688776884622644375555514
777788683386688776884646422375555514
777788686448633842264558317876876555
777788686448633844655228317876876555
777788686448668422455338317876876555
777788686448668445522338317876876555
777788686863344877686886422735515554
777788686863384226444558317876876555
777788686863384226845531787644876555
777788686863384226845531787687655544
777788686863384464455228317876876555
777788686863384468552231787644876555
777788686863384468552231787687655544
777788686863388776422688644735515554
777788686863388776622488464731555554
777788686863388776622555546488731544
777788686863388776622555546848731544
777788686863388776622555546884731544
777788686863388776622848464731555554
777788686863388776622884464731555554
777788686863388776848226644375555514
777788686863388776848466422375555514
777788686863388776848622644375555514
777788686863388776848646422375555514
777788686863388776884226644375555514
777788686863388776884466422375555514
777788686863388776884622644375555514
777788686863388776884646422375555514
777788686866842244455338317876876555
