777788686866842284553331787644876555
777788686866842284553331787687655544
777788686866844445522338317876876555
777788686866844855223331787644876555
777788686866844855223331787687655544
777788686866844874455387622338176555
777788686866844874458876765355513322
777788686866844878553762233448176555
777788686866844878587674465355513322
777788848845488383453776565227666165
777788848845566682251883456547773663
777788848845566682251883456547776363
777788848845566683618833562254777654
777788848845566683618833564577722654
777788848845566683618833564577746522
777788848845566683618833565224777654
777788848845566683618833565477722654
777788848845566683618833565477746522
777788848845566684518832256547773663
777788848845566684518832256547776363
777788848845566684518834565227773663
777788848845566684518834565227776363
777788848845566685221883456547773663
777788848845566685221883456547776363
777788848845566685418832256547773663
777788848845566685418832256547776363
777788848845566685418834565227773663
777788848845566685418834565227776363
777788848845566686318833562254777654
777788848845566686318833564577722654
777788848845566686318833564577746522
777788848845566686318833565224777654
777788848845566686318833565477722654
777788848845566686318833565477746522
777788848845836683522837556541776664
777788848845848383453776565227666165
777788848845863683522837556541776664
777788848845866383522837556541776664
777788848845884383453776565227666165
777788863326446778866888642375555514
777788863344686844655228317876876555
777788863386684464455228317876876555
777788863386684468552231787644876555
777788863386684468552231787687655544
777788863386688776884226644375555514
777788863386688776884466422375555514
777788863386688776884622644375555514
777788863386688776884646422375555514
777788866444475655233761887355888266
777788866444475655267188733355888266
777788866448633844655228317876876555
777788866448668445522338317876876555
777788866448753355658522831664488776
777788866448756555852283331664488776
777788866448756555852286316443388776
777788866448756555852286316446887733
777788866822853668341588345654777654
777788866822854838345837556541776664
777788866822856368341588345654777654
777788866822856638341588345654777654
777788866822858438345837556541776664
777788866827343656534482756645188875
777788866827343656534842756645188875
777788866827346356534482756645188875
777788866827346356534842756645188875
777788866827367565484251663443588875
777788866827367565844251663443588875
777788866848556842251883456547773663
777788866848556842251883456547776363
777788866848556843618833562254777654
777788866848556843618833564577722654
777788866848556843618833564577746522
777788866848556843618833565224777654
777788866848556843618833565477722654
777788866848556843618833565477746522
777788866848556844518832256547773663
777788866848556844518832256547776363
777788866848556844518834565227773663
777788866848556844518834565227776363
777788866848556845221883456547773663
777788866848556845221883456547776363
777788866848556845418832256547773663
777788866848556845418832256547776363
777788866848556845418834565227773663
777788866848556845418834565227776363
777788866848556846318833562254777654
777788866848556846318833564577722654
777788866848556846318833564577746522
777788866848556846318833565224777654
777788866848556846318833565477722654
777788866848556846318833565477746522
777788866848583843522837556541776664
777788866854388564527636863148727554
777788866854388564527636863184727554
777788866854388564527647754288136653
777788866854388564527647754288163653
777788866854388564527647754288166353
777788866854388564527655768214873643
777788866854388564527655768214876343
777788866854388564527655768218473643
