777788866854388564527655768218476343
777788866854388564527656754128873643
777788866854388564527656754128876343
777788866854388564527663863148727554
777788866854388564527663863184727554
777788866854388564527665751428873643
777788866854388564527665751428876343
777788866854388564527674754288613653
777788866854388564527674754288616353
777788866854388564527675562814873643
777788866854388564527675562814876343
777788866854388564527675562818473643
777788866854388564527675562818476343
777788866854388564527683663148277554
777788866854388564527683663184277554
777788866854388564527686363148277554
777788866854388564527686363184277554
777788866854388564527686633148277554
777788866854388564527686633184277554
777788866863384464455228317876876555
777788866863384468552231787644876555
777788866863384468552231787687655544
777788866863388776884226644375555514
777788866863388776884466422375555514
777788866863388776884622644375555514
777788866863388776884646422375555514
777788866866522348314344587876876555
777788866866522348314385877644876555
777788866866844445522338317876876555
777788866866844855223331787644876555
777788866866844855223331787687655544
777788866866844874455387622338176555
777788866866844874458876765355513322
777788866866844878553762233448176555
777788866866844878587674465355513322
777788866875335522463688144655488776
777788866875335544658522831664488776
777788866875335586585223166444488776
777788866875335586585223166844877644
777788866875475233746481654355888266
777788866875475233746841654355888266
777788866875475267448163354355888266
777788866875475267484163354355888266
777788866875565233764148744355888266
777788866875565233764184744355888266
777788866875565267414873344355888266
777788866875565267418473344355888266
777788866875655224361884737648836554
777788866875655224361884737684836554
777788866875655224361884737688436554
777788866875655224368814334655488776
777788866875655224368814645543388776
777788866875655224368814645546887733
777788866875655224631884737648836554
777788866875655224631884737684836554
777788866875655224631884737688436554
777788866875655233761448744355888266
777788866875655233761484744355888266
777788866875655233761844744355888266
777788866875655233761887355448826644
777788866875655233761887355484826644
777788866875655233761887355488426644
777788866875655233761887355844826644
777788866875655233761887355848426644
777788866875655233761887355884426644
777788866875655267144873344355888266
777788866875655267148473344355888266
777788866875655267184473344355888266
777788866875655267188733355448826644
777788866875655267188733355484826644
777788866875655267188733355488426644
777788866875655267188733355844826644
777788866875655267188733355848426644
777788866875655267188733355884426644
777788866875655445852283331664488776
777788866875655445852286316443388776
777788866875655445852286316446887733
777788866875655858522333166444488776
777788866875655858522333166844877644
777788866875655858522631644443388776
777788866875655858522631644446887733
777788866875655858522631684433877644
777788866875655858522631684468774433
777788866875745233746486154355888266
777788866875745233746846154355888266
777788866875745267448613354355888266
777788866875745267484613354355888266
777788866884556842251883456547773663
777788866884556842251883456547776363
777788866884556843618833562254777654
777788866884556843618833564577722654
777788866884556843618833564577746522
777788866884556843618833565224777654
777788866884556843618833565477722654
777788866884556843618833565477746522
777788866884556844518832256547773663
777788866884556844518832256547776363
777788866884556844518834565227773663
777788866884556844518834565227776363
777788866884556845221883456547773663
