777788866884556845221883456547776363
777788866884556845418832256547773663
777788866884556845418832256547776363
777788866884556845418834565227773663
777788866884556845418834565227776363
777788866884556846318833562254777654
777788866884556846318833564577722654
777788866884556846318833564577746522
777788866884556846318833565224777654
777788866884556846318833565477722654
777788866884556846318833565477746522
777788866884583843522837556541776664
777788875443556133552244668886688776
777788875443556133552264468886688776
777788875443556133552268688664488776
777788875443556133552277688644688866
777788875443556133552277688664488866
777788875443556133552277688668886644
777788875443556133552277688686886644
777788875443556133552286688664488776
777788875443556133554466228886688776
777788875443556165522446883386688776
777788875443556165522446886863388776
777788875443556165522446886866887733
777788875443556165522644883386688776
777788875443556165522644886863388776
777788875443556165522644886866887733
777788875443556165522688833664488776
777788875443556165522688866443388776
777788875443556165522688866446887733
777788875443556165522778833644688866
777788875443556165522778833664488866
777788875443556165522778833668886644
777788875443556165522778833686886644
777788875443556165522778864463388866
777788875443556165522778864466888633
777788875443556165522778866443388866
777788875443556165522778866446888633
777788875443556165522778866833886644
777788875443556165522778866868864433
777788875443556165522778868633886644
777788875443556165522778868668864433
777788875443556165522868833664488776
777788875443556165522868866443388776
777788875443556165522868866446887733
777788875443556165544622883386688776
777788875443556165544622886863388776
777788875443556165544622886866887733
777788884845488383453776565227666165
777788884845566682251883456547773663
777788884845566682251883456547776363
777788884845566683618833562254777654
777788884845566683618833564577722654
777788884845566683618833564577746522
777788884845566683618833565224777654
777788884845566683618833565477722654
777788884845566683618833565477746522
777788884845566684518832256547773663
777788884845566684518832256547776363
777788884845566684518834565227773663
777788884845566684518834565227776363
777788884845566685221883456547773663
777788884845566685221883456547776363
777788884845566685418832256547773663
777788884845566685418832256547776363
777788884845566685418834565227773663
777788884845566685418834565227776363
777788884845566686318833562254777654
777788884845566686318833564577722654
777788884845566686318833564577746522
777788884845566686318833565224777654
777788884845566686318833565477722654
777788884845566686318833565477746522
777788884845836683522837556541776664
777788884845848383453776565227666165
777788884845863683522837556541776664
777788884845866383522837556541776664
777788884845884383453776565227666165
778334468644863585122675558886687777
778338664484463585122675558886687777
778338664488635512267554458886687777
778338664488635512267558588664487777
778338664488635512267558588668777744
778446866448353385122675558886687777
778446866448356851227555338886687777
778446868338677877868866224375551554
778446868338686886622437871554777555
778446868644778685522338317876876555
778446868687733877868866224375551554
778446868688633886622437871554777555
778644268833268647381546688875777555
778644833644863585122675558886687777
778644866448353385122675558886687777
778644866448356851227555338886687777
778644868338677877868866224375551554
778644868338686886622437871554777555
778644868644778685522338317876876555
778644868687733877868866224375551554
778644868688633886622437871554777555
778683364484463585122675558886687777
