778683364488635512267554458886687777
778683364488635512267558588664487777
778683364488635512267558588668777744
778686644844353385122675558886687777
778686644844356851227555338886687777
778686644883533512267554458886687777
778686644883533512267558588664487777
778686644883533512267558588668777744
778686644883565122755445338886687777
778686644883565122755853388664487777
778686644883565122755853388668777744
778686778866448826685337552487375514
778686778866448826685547781374255533
778686778866448826685553372487731554
778686778866448826685573354287371554
778686778866448826687335554283775514
778686778866448826687455783174552533
778686778866448826687554781347525533
778686778866448826687745583147555233
778686833844677877868866224375551554
778686833844686886622437871554777555
778686833886684822664437875514777555
778686833886687786226487744731555554
778686833886687786226847744731555554
778686833886687786464877224731555554
778686833886687786468477224731555554
778686833886687786622487744731555554
778686833886687786622847744731555554
778686833886687786644877224731555554
778686833886687786648477224731555554
778686833886688422664437875514777555
778686833886688622446437871554777555
778686864444778685522338317876876555
778686864487768445522338317876876555
778686864487768855223331787644876555
778686864487768855223331787687655544
778686864487768874455387622338176555
778686864487768874458876765355513322
778686864487768878553762233448176555
778686864487768878587674465355513322
778686868447733877868866224375551554
778686868448633886622437871554777555
778686868863384822664437875514777555
778686868863387786226487744731555554
778686868863387786226847744731555554
778686868863387786464877224731555554
778686868863387786468477224731555554
778686868863387786622487744731555554
778686868863387786622847744731555554
778686868863387786644877224731555554
778686868863387786648477224731555554
778686868863388422664437875514777555
778686868863388622446437871554777555
778774463388686877686886422735515554
778774466888633877686886422735515554
778776443388686877686886422735515554
778776446888633877686886422735515554
778776833886644877686886422735515554
778776833886688776226488644375155554
778776833886688776226555564488375144
778776833886688776226555564848375144
778776833886688776226555564884375144
778776833886688776226848644375155554
778776833886688776226884644375155554
778776833886688776374885144226655554
778776833886688776374885144466555522
778776833886688776374885144622655554
778776833886688776374885144646555522
778776833886688776374885144662255554
778776833886688776374885144664555522
778776833886688776375555514488226644
778776833886688776375555514488466422
778776833886688776375555514488622644
778776833886688776375555514488646422
778776833886688776375555514488662244
778776833886688776375555514488664422
778776833886688776375555514848226644
778776833886688776375555514848466422
778776833886688776375555514848622644
778776833886688776375555514848646422
778776833886688776375555514848662244
778776833886688776375555514848664422
778776833886688776375555514884226644
778776833886688776375555514884466422
778776833886688776375555514884622644
778776833886688776375555514884646422
778776833886688776375555514884662244
778776833886688776375555514884664422
778776833886688776378485144226655554
778776833886688776378485144466555522
778776833886688776378485144622655554
778776833886688776378485144646555522
778776833886688776378485144662255554
778776833886688776378485144664555522
778776833886688776378845144226655554
778776833886688776378845144466555522
778776833886688776378845144622655554
778776833886688776378845144646555522
778776833886688776378845144662255554
778776833886688776378845144664555522
