778776833886688776422688644735515554
778776833886688776446886422735515554
778776833886688776455547641388226554
778776833886688776455547641388465522
778776833886688776455547641388622554
778776833886688776455547641388645522
778776833886688776462288644735515554
778776833886688776464886224375155554
778776833886688776464886422735515554
778776833886688776465555622488375144
778776833886688776465555622848375144
778776833886688776465555622884375144
778776833886688776468486224375155554
778776833886688776468846224375155554
778776833886688776474555643188226554
778776833886688776474555643188465522
778776833886688776474555643188622554
778776833886688776474555643188645522
778776833886688776488226644375555514
778776833886688776488466422375555514
778776833886688776488622644375555514
778776833886688776488646422375555514
778776833886688776622488644375155554
778776833886688776622555564488375144
778776833886688776622555564848375144
778776833886688776622555564884375144
778776833886688776622848644375155554
778776833886688776622884644375155554
778776833886688776644886224375155554
778776833886688776645555622488375144
778776833886688776645555622848375144
778776833886688776645555622884375144
778776833886688776648486224375155554
778776833886688776648846224375155554
778776833886688776848226644375555514
778776833886688776848466422375555514
778776833886688776848622644375555514
778776833886688776848646422375555514
778776833886688776884226644375555514
778776833886688776884466422375555514
778776833886688776884622644375555514
778776833886688776884646422375555514
778776868863344877686886422735515554
778776868863388776226488644375155554
778776868863388776226555564488375144
778776868863388776226555564848375144
778776868863388776226555564884375144
778776868863388776226848644375155554
778776868863388776226884644375155554
778776868863388776374885144226655554
778776868863388776374885144466555522
778776868863388776374885144622655554
778776868863388776374885144646555522
778776868863388776374885144662255554
778776868863388776374885144664555522
778776868863388776375555514488226644
778776868863388776375555514488466422
778776868863388776375555514488622644
778776868863388776375555514488646422
778776868863388776375555514488662244
778776868863388776375555514488664422
778776868863388776375555514848226644
778776868863388776375555514848466422
778776868863388776375555514848622644
778776868863388776375555514848646422
778776868863388776375555514848662244
778776868863388776375555514848664422
778776868863388776375555514884226644
778776868863388776375555514884466422
778776868863388776375555514884622644
778776868863388776375555514884646422
778776868863388776375555514884662244
778776868863388776375555514884664422
778776868863388776378485144226655554
778776868863388776378485144466555522
778776868863388776378485144622655554
778776868863388776378485144646555522
778776868863388776378485144662255554
778776868863388776378485144664555522
778776868863388776378845144226655554
778776868863388776378845144466555522
778776868863388776378845144622655554
778776868863388776378845144646555522
778776868863388776378845144662255554
778776868863388776378845144664555522
778776868863388776422688644735515554
778776868863388776446886422735515554
778776868863388776455547641388226554
778776868863388776455547641388465522
778776868863388776455547641388622554
778776868863388776455547641388645522
778776868863388776462288644735515554
778776868863388776464886224375155554
778776868863388776464886422735515554
778776868863388776465555622488375144
778776868863388776465555622848375144
778776868863388776465555622884375144
778776868863388776468486224375155554
778776868863388776468846224375155554
778776868863388776474555643188226554
