778776868863388776474555643188465522
778776868863388776474555643188622554
778776868863388776474555643188645522
778776868863388776488226644375555514
778776868863388776488466422375555514
778776868863388776488622644375555514
778776868863388776488646422375555514
778776868863388776622488644375155554
778776868863388776622555564488375144
778776868863388776622555564848375144
778776868863388776622555564884375144
778776868863388776622848644375155554
778776868863388776622884644375155554
778776868863388776644886224375155554
778776868863388776645555622488375144
778776868863388776645555622848375144
778776868863388776645555622884375144
778776868863388776648486224375155554
778776868863388776648846224375155554
778776868863388776848226644375555514
778776868863388776848466422375555514
778776868863388776848622644375555514
778776868863388776848646422375555514
778776868863388776884226644375555514
778776868863388776884466422375555514
778776868863388776884622644375555514
778776868863388776884646422375555514
778776877864468862688455631847555233
778777768866448826688554681374255533
778777786866448826688554681374255533
778778334468686877868866224375551554
778778336448686877868866224375551554
778778336886684477868866224375551554
778778336886688776226488464731555554
778778336886688776226848464731555554
778778336886688776464886224731555554
778778336886688776468486224731555554
778778336886688776488226644375555514
778778336886688776555522664488375144
778778336886688776555522664848375144
778778336886688776555522664884375144
778778336886688776622488464731555554
778778336886688776622848464731555554
778778336886688776644886224731555554
778778336886688776648486224731555554
778778336886688776848226644375555514
778778336886688776884226644375555514
778778336886688776886224464375551554
778778338686684477868866224375551554
778778338686688776226488464731555554
778778338686688776226848464731555554
778778338686688776226884464731555554
778778338686688776464886224731555554
778778338686688776468486224731555554
778778338686688776468846224731555554
778778338686688776488226464735555154
778778338686688776488466422735555154
778778338686688776488622464735555154
778778338686688776488646422735555154
778778338686688776488731544226655554
778778338686688776488731544466555522
778778338686688776488731544622655554
778778338686688776488731544646555522
778778338686688776488731544662255554
778778338686688776488731544664555522
778778338686688776555474613488226554
778778338686688776555474613488465522
778778338686688776555474613488622554
778778338686688776555474613488645522
778778338686688776555522646488731544
778778338686688776555522646848731544
778778338686688776555522646884731544
778778338686688776555546622488731544
778778338686688776555546622848731544
778778338686688776555546622884731544
778778338686688776555562246488731544
778778338686688776555562246848731544
778778338686688776555562246884731544
778778338686688776555564622488731544
778778338686688776555564622848731544
778778338686688776555564622884731544
778778338686688776555573154488226644
778778338686688776555573154488466422
778778338686688776555573154488622644
778778338686688776555573154488646422
778778338686688776555573154488662244
778778338686688776555573154488664422
778778338686688776555573154848226644
778778338686688776555573154848466422
778778338686688776555573154848622644
778778338686688776555573154848646422
778778338686688776555573154848662244
778778338686688776555573154848664422
778778338686688776555573154884226644
778778338686688776555573154884466422
778778338686688776555573154884622644
778778338686688776555573154884646422
778778338686688776555573154884662244
778778338686688776555573154884664422
778778338686688776622488464731555554
