778778338686688776622848464731555554
778778338686688776622884464731555554
778778338686688776644886224731555554
778778338686688776648486224731555554
778778338686688776648846224731555554
778778338686688776745554631488226554
778778338686688776745554631488465522
778778338686688776745554631488622554
778778338686688776745554631488645522
778778338686688776848226464735555154
778778338686688776848466422735555154
778778338686688776848622464735555154
778778338686688776848646422735555154
778778338686688776848731544226655554
778778338686688776848731544466555522
778778338686688776848731544622655554
778778338686688776848731544646555522
778778338686688776848731544662255554
778778338686688776848731544664555522
778778338686688776882264464375551554
778778338686688776884226464735555154
778778338686688776884466422735555154
778778338686688776884622464735555154
778778338686688776884646224375551554
778778338686688776884646422735555154
778778338686688776884731544226655554
778778338686688776884731544466555522
778778338686688776884731544622655554
778778338686688776884731544646555522
778778338686688776884731544662255554
778778338686688776884731544664555522
778778338686688776886224464375551554
778778338686688776886446224375551554
778778633886644877686886422735515554
778778633886688776422688644735515554
778778633886688776622488464731555554
778778633886688776622555546488731544
778778633886688776622555546848731544
778778633886688776622555546884731544
778778633886688776622848464731555554
778778633886688776622884464731555554
778778633886688776848226644375555514
778778633886688776848466422375555514
778778633886688776848622644375555514
778778633886688776848646422375555514
778778633886688776884226644375555514
778778633886688776884466422375555514
778778633886688776884622644375555514
778778633886688776884646422375555514
778778644688336877868866224375551554
778778664488336877868866224375551554
778778668833684477868866224375551554
778778668833688776226488464731555554
778778668833688776226848464731555554
778778668833688776464886224731555554
778778668833688776468486224731555554
778778668833688776488226644375555514
778778668833688776555522664488375144
778778668833688776555522664848375144
778778668833688776555522664884375144
778778668833688776622488464731555554
778778668833688776622848464731555554
778778668833688776644886224731555554
778778668833688776648486224731555554
778778668833688776848226644375555514
778778668833688776884226644375555514
778778668833688776886224464375551554
778778668863344877686886422735515554
778778668863388776422688644735515554
778778668863388776622488464731555554
778778668863388776622555546488731544
778778668863388776622555546848731544
778778668863388776622555546884731544
778778668863388776622848464731555554
778778668863388776622884464731555554
778778668863388776848226644375555514
778778668863388776848466422375555514
778778668863388776848622644375555514
778778668863388776848646422375555514
778778668863388776884226644375555514
778778668863388776884466422375555514
778778668863388776884622644375555514
778778668863388776884646422375555514
778778677864468862688455631847555233
778778686833684477868866224375551554
778778686833688776226488464731555554
778778686833688776226848464731555554
778778686833688776226884464731555554
778778686833688776464886224731555554
778778686833688776468486224731555554
778778686833688776468846224731555554
778778686833688776488226464735555154
778778686833688776488466422735555154
778778686833688776488622464735555154
778778686833688776488646422735555154
778778686833688776488731544226655554
778778686833688776488731544466555522
778778686833688776488731544622655554
778778686833688776488731544646555522
778778686833688776488731544662255554
