778778686833688776488731544664555522
778778686833688776555474613488226554
778778686833688776555474613488465522
778778686833688776555474613488622554
778778686833688776555474613488645522
778778686833688776555522646488731544
778778686833688776555522646848731544
778778686833688776555522646884731544
778778686833688776555546622488731544
778778686833688776555546622848731544
778778686833688776555546622884731544
778778686833688776555562246488731544
778778686833688776555562246848731544
778778686833688776555562246884731544
778778686833688776555564622488731544
778778686833688776555564622848731544
778778686833688776555564622884731544
778778686833688776555573154488226644
778778686833688776555573154488466422
778778686833688776555573154488622644
778778686833688776555573154488646422
778778686833688776555573154488662244
778778686833688776555573154488664422
778778686833688776555573154848226644
778778686833688776555573154848466422
778778686833688776555573154848622644
778778686833688776555573154848646422
778778686833688776555573154848662244
778778686833688776555573154848664422
778778686833688776555573154884226644
778778686833688776555573154884466422
778778686833688776555573154884622644
778778686833688776555573154884646422
778778686833688776555573154884662244
778778686833688776555573154884664422
778778686833688776622488464731555554
778778686833688776622848464731555554
778778686833688776622884464731555554
778778686833688776644886224731555554
778778686833688776648486224731555554
778778686833688776648846224731555554
778778686833688776745554631488226554
778778686833688776745554631488465522
778778686833688776745554631488622554
778778686833688776745554631488645522
778778686833688776848226464735555154
778778686833688776848466422735555154
778778686833688776848622464735555154
778778686833688776848646422735555154
778778686833688776848731544226655554
778778686833688776848731544466555522
778778686833688776848731544622655554
778778686833688776848731544646555522
778778686833688776848731544662255554
778778686833688776848731544664555522
778778686833688776882264464375551554
778778686833688776884226464735555154
778778686833688776884466422735555154
778778686833688776884622464735555154
778778686833688776884646224375551554
778778686833688776884646422735555154
778778686833688776884731544226655554
778778686833688776884731544466555522
778778686833688776884731544622655554
778778686833688776884731544646555522
778778686833688776884731544662255554
778778686833688776884731544664555522
778778686833688776886224464375551554
778778686833688776886446224375551554
778833644688686665555223188744587777
778833644688686665555223188785777744
778833655488644631647552258886687777
778833664488686665555223188744587777
778833664488686665555223188785777744
778833668886642266554553188744587777
778833668886642266554553188785777744
778833668886644665555223188744587777
778833668886644665555223188785777744
778833686886644665555223188744587777
778833686886644665555223188785777744
778863344688686665555223188744587777
778863344688686665555223188785777744
778863355488644631647552258886687777
778863364488686665555223188744587777
778863364488686665555223188785777744
778863368886642266554553188744587777
778863368886642266554553188785777744
778863368886644665555223188744587777
778863368886644665555223188785777744
778863386886644665555223188744587777
778863386886644665555223188785777744
778866446888336665555223188744587777
778866446888336665555223188785777744
778866446888666553355223188744587777
778866446888666553355223188785777744
778866554884463331647552258886687777
778866554884466314755225338886687777
778866644844353385122675558886687777
778866644844356851227555338886687777
778866644888336665555223188744587777
