778866644888336665555223188785777744
778866644888666553355223188744587777
778866644888666553355223188785777744
778866688833642266554553188744587777
778866688833642266554553188785777744
778866688833644665555223188744587777
778866688833644665555223188785777744
778866688866422655433553188744587777
778866688866422655433553188785777744
778866688866446553355223188744587777
778866688866446553355223188785777744
778866752146538465724678876343588875
778866778866448826685337552487375514
778866778866448826685547781374255533
778866778866448826685553372487731554
778866778866448826685573354287371554
778866778866448826687335554283775514
778866778866448826687455783174552533
778866778866448826687554781347525533
778866778866448826687745583147555233
778866833844677877868866224375551554
778866833844686886622437871554777555
778866833886684822646473875154777555
778866833886684846642273875154777555
778866833886684862246473875154777555
778866833886684864642273875154777555
778866833886684873154482266754777555
778866833886684873154484667522777555
778866833886684873154486226754777555
778866833886684873154486467522777555
778866833886684873154486622754777555
778866833886684873154486647522777555
778866833886687786226487744731555554
778866833886687786226847744731555554
778866833886687786464877224731555554
778866833886687786468477224731555554
778866833886687786622487744731555554
778866833886687786622847744731555554
778866833886687786644877224731555554
778866833886687786648477224731555554
778866833886688226446437871554777555
778866833886688422646473875154777555
778866833886688446642273875154777555
778866833886688462246473875154777555
778866833886688464622437871554777555
778866833886688464642273875154777555
778866833886688473154482266754777555
778866833886688473154484667522777555
778866833886688473154486226754777555
778866833886688473154486467522777555
778866833886688473154486622754777555
778866833886688473154486647522777555
778866833886688622446437871554777555
778866833886688644622437871554777555
778866864444778685522338317876876555
778866868447733877868866224375551554
778866868448633886622437871554777555
778866868833644665555223188744587777
778866868833644665555223188785777744
778866868863384822646473875154777555
778866868863384846642273875154777555
778866868863384862246473875154777555
778866868863384864642273875154777555
778866868863384873154482266754777555
778866868863384873154484667522777555
778866868863384873154486226754777555
778866868863384873154486467522777555
778866868863384873154486622754777555
778866868863384873154486647522777555
778866868863387786226487744731555554
778866868863387786226847744731555554
778866868863387786464877224731555554
778866868863387786468477224731555554
778866868863387786622487744731555554
778866868863387786622847744731555554
778866868863387786644877224731555554
778866868863387786648477224731555554
778866868863388226446437871554777555
778866868863388422646473875154777555
778866868863388446642273875154777555
778866868863388462246473875154777555
778866868863388464622437871554777555
778866868863388464642273875154777555
778866868863388473154482266754777555
778866868863388473154484667522777555
778866868863388473154486226754777555
778866868863388473154486467522777555
778866868863388473154486622754777555
778866868863388473154486647522777555
778866868863388622446437871554777555
778866868863388644622437871554777555
778866868866446553355223188744587777
778866868866446553355223188785777744
783666358878575476742372761655488884
783666358878575476742372761655848884
783666358878575476742372761655884884
783666358878575476742372761655888484
783666358878575476742372761655888844
783666358878578867761447536588272544
783666358878578876712487532544876654
