783666358878578876712487532548476654
783666358878578876712667532548487544
783666358878578876712667532548847544
783666358878578876712667532584487544
783666358878578876712667532584847544
783666358878578876712748532544876654
783666358878578876712748532548476654
783666358878578876712766532548487544
783666358878578876712766532548847544
783666358878578876712766532584487544
783666358878578876712766532584847544
783666358878578876712784532544876654
783666358878578876712784532548476654
783666358878578876712847532544876654
783666358878578876712847532548476654
783666358878578876714287532544876654
783666358878578876714287532548476654
784377342173666625757665588875488884
784377342173666625757665588875848884
784377342173666625757665588875884884
784377342173666625757665588875888484
784377342173666625757665588875888844
784458716788445528377686665533288776
784458716788445528377686665562887733
784458716788544786787657326588236653
784458716788544786787657326588263653
784458716788587678447657326588236653
784458716788587678447657326588263653
784458716788855237768446665533288776
784458716788855237768446665562887733
784467332717688544786287768366885555
784467332717688587862774468366885555
784467627178833544786287768366885555
784467627178833587862774468366885555
784548445766572321788675888758736663
784548445766572321788675888758763663
784548445766572321788675888758766363
784548445766572321788675888758766633
784548445766572328366673885875881776
784548445766572328636673885875881776
784548445766572328663673885875881776
784548445766572328666373885875881776
784584445766572321788675888758736663
784584445766572321788675888758763663
784584445766572321788675888758766363
784584445766572321788675888758766633
784584445766572328366673885875881776
784584445766572328636673885875881776
784584445766572328663673885875881776
784584445766572328666373885875881776
784665458476627278863481753673588875
784665458476627278863481756373588875
784665458476627288763481757363588875
784665458476627288763481757633588875
784755428754664238366673885875881776
784755428754664238636673885875881776
784755428754664238663673885875881776
784755428754664238666373885875881776
784836342743277654767885861557588866
784836342761557677276544883587588866
784836342777546423761655788587588866
784836342778867768858755654382716654
784863342743277654767885861557588866
784863342761557677276544883587588866
784863342777546423761655788587588866
784863342778867768858755654382716654
785244332655574418768767887673588866
785244332655578187674467887673588866
785244332655578187676447887673588866
785244332655578187676878767443588866
785244332655578187678678767443588866
785244625553374418768767887673588866
785244625553378187674467887673588866
785244625553378187676447887673588866
785244625553378187676878767443588866
785244625553378187678678767443588866
785332442655574418768767887673588866
785332442655578187674467887673588866
785332442655578187676447887673588866
785332442655578187676878767443588866
785332442655578187678678767443588866
785334242655574418768767887673588866
785334242655578187674467887673588866
785334242655578187676447887673588866
785334242655578187676878767443588866
785334242655578187678678767443588866
785334422655574418768767887673588866
785334422655578187674467887673588866
785334422655578187676447887673588866
785334422655578187676878767443588866
785334422655578187678678767443588866
785335565244724418768767887673588866
785335565244728187674467887673588866
785335565244728187676447887673588866
785335565244728187676878767443588866
785335565244728187678678767443588866
785335565424724418768767887673588866
785335565424728187674467887673588866
785335565424728187676447887673588866
785335565424728187676878767443588866
