785335565424728187678678767443588866
785335565442724418768767887673588866
785335565442728187674467887673588866
785335565442728187676447887673588866
785335565442728187676878767443588866
785335565442728187678678767443588866
785424332655574418768767887673588866
785424332655578187674467887673588866
785424332655578187676447887673588866
785424332655578187676878767443588866
785424332655578187678678767443588866
785424625553374418768767887673588866
785424625553378187674467887673588866
785424625553378187676447887673588866
785424625553378187676878767443588866
785424625553378187678678767443588866
785442332655574418768767887673588866
785442332655578187674467887673588866
785442332655578187676447887673588866
785442332655578187676878767443588866
785442332655578187678678767443588866
785442625553374418768767887673588866
785442625553378187674467887673588866
785442625553378187676447887673588866
785442625553378187676878767443588866
785442625553378187678678767443588866
785444415553376887762678287673588866
785444415553378687766278287673588866
785444415556788733766278287673588866
785444415556788767627338287673588866
785448176788445528377686665533288776
785448176788445528377686665562887733
785448176788544786787657326588236653
785448176788544786787657326588263653
785448176788587678447657326588236653
785448176788587678447657326588263653
785448176788855237768446665533288776
785448176788855237768446665562887733
785553365244724418768767887673588866
785553365244728187674467887673588866
785553365244728187676447887673588866
785553365244728187676878767443588866
785553365244728187678678767443588866
785553365424724418768767887673588866
785553365424728187674467887673588866
785553365424728187676447887673588866
785553365424728187676878767443588866
785553365424728187678678767443588866
785553365442724418768767887673588866
785553365442728187674467887673588866
785553365442728187676447887673588866
785553365442728187676878767443588866
785553365442728187678678767443588866
785556447674488767815628727333588866
785556447678854476217338287673588866
785556447678858523767886614433288776
785556447678858523767886614462887733
785556447678858523767886618332877644
785556447678858523767886618628774433
785556447678876744815628727333588866
785556447678876788156272744333588866
785556524433724418768767887673588866
785556524433728187674467887673588866
785556524433728187676447887673588866
785556524433728187676878767443588866
785556524433728187678678767443588866
785556542433724418768767887673588866
785556542433728187674467887673588866
785556542433728187676447887673588866
785556542433728187676878767443588866
785556542433728187678678767443588866
785556544233724418768767887673588866
785556544233728187674467887673588866
785556544233728187676447887673588866
785556544233728187676878767443588866
785556544233728187678678767443588866
785556876744854433272617887673588866
785556876744854462721783387673588866
785556876744854462721786877333588866
785556876744876447815628727333588866
785556876744876871562874427333588866
785556876785443327244617887673588866
785556876785443327264417887673588866
785556876785443327268178767443588866
785556876785443327286178767443588866
785556876785444476217338287673588866
785556876785446272441783387673588866
785556876785446272441786877333588866
785556876785446272817833767443588866
785556876785446272817867744333588866
785556876785844523767886614433288776
785556876785844523767886614462887733
785556876785844523767886618332877644
785556876785844523767886618628774433
785556876787644744815628727333588866
785556876787644788156272744333588866
785556876787687441562874427333588866
785556876787687815627442744333588866
785624425553374418768767887673588866
785624425553378187674467887673588866
