785624425553378187676447887673588866
785624425553378187676878767443588866
785624425553378187678678767443588866
785642425553374418768767887673588866
785642425553378187674467887673588866
785642425553378187676447887673588866
785642425553378187676878767443588866
785642425553378187678678767443588866
785644225553374418768767887673588866
785644225553378187674467887673588866
785644225553378187676447887673588866
785644225553378187676878767443588866
785644225553378187678678767443588866
785655524433724418768767887673588866
785655524433728187674467887673588866
785655524433728187676447887673588866
785655524433728187676878767443588866
785655524433728187678678767443588866
785655542433724418768767887673588866
785655542433728187674467887673588866
785655542433728187676447887673588866
785655542433728187676878767443588866
785655542433728187678678767443588866
785655544233724418768767887673588866
785655544233728187674467887673588866
785655544233728187676447887673588866
785655544233728187676878767443588866
785655544233728187678678767443588866
785664441382786776856482576373588875
785882372814773437485664576657588866
785882372814773437845664576657588866
786366358878575476742372761655488884
786366358878575476742372761655848884
786366358878575476742372761655884884
786366358878575476742372761655888484
786366358878575476742372761655888844
786366358878578867761447536588272544
786366358878578876712487532544876654
786366358878578876712487532548476654
786366358878578876712667532548487544
786366358878578876712667532548847544
786366358878578876712667532584487544
786366358878578876712667532584847544
786366358878578876712748532544876654
786366358878578876712748532548476654
786366358878578876712766532548487544
786366358878578876712766532548847544
786366358878578876712766532584487544
786366358878578876712766532584847544
786366358878578876712784532544876654
786366358878578876712784532548476654
786366358878578876712847532544876654
786366358878578876712847532548476654
786366358878578876714287532544876654
786366358878578876714287532548476654
786447233717688544786287768366885555
786447233717688587862774468366885555
786555876762287876783373551444488866
786555876762287876783373551466888444
786555876762287876785174533344488866
786555876762287876785174533366888444
786636358878575476742372761655488884
786636358878575476742372761655848884
786636358878575476742372761655884884
786636358878575476742372761655888484
786636358878575476742372761655888844
786636358878578867761447536588272544
786636358878578876712487532544876654
786636358878578876712487532548476654
786636358878578876712667532548487544
786636358878578876712667532548847544
786636358878578876712667532584487544
786636358878578876712667532584847544
786636358878578876712748532544876654
786636358878578876712748532548476654
786636358878578876712766532548487544
786636358878578876712766532548847544
786636358878578876712766532584487544
786636358878578876712766532584847544
786636358878578876712784532544876654
786636358878578876712784532548476654
786636358878578876712847532544876654
786636358878578876712847532548476654
786636358878578876714287532544876654
786636358878578876714287532548476654
786663358878575476742372761655488884
786663358878575476742372761655848884
786663358878575476742372761655884884
786663358878575476742372761655888484
786663358878575476742372761655888844
786663358878578867761447536588272544
786663358878578876712487532544876654
786663358878578876712487532548476654
786663358878578876712667532548487544
786663358878578876712667532548847544
786663358878578876712667532584487544
786663358878578876712667532584847544
786663358878578876712748532544876654
786663358878578876712748532548476654
786663358878578876712766532548487544
