786663358878578876712766532548847544
786663358878578876712766532584487544
786663358878578876712766532584847544
786663358878578876712784532544876654
786663358878578876712784532548476654
786663358878578876712847532544876654
786663358878578876712847532548476654
786663358878578876714287532544876654
786663358878578876714287532548476654
786744445178885786787657326588236653
786744445178885786787657326588263653
786744851788544786787657326588236653
786744851788544786787657326588263653
786744851788587867357653375688226644
786744851788587867357656758823326644
786744851788587867447657326588236653
786744851788587867447657326588263653
786785174488445528377686665533288776
786785174488445528377686665562887733
786785174488544786787657326588236653
786785174488544786787657326588263653
786785174488587678447657326588236653
786785174488587678447657326588263653
786785174488855237768446665533288776
786785174488855237768446665562887733
786785178448544786787657326588236653
786785178448544786787657326588263653
786785178844544786787657326588236653
786785178844544786787657326588263653
786785178844587867357653375688226644
786785178844587867357656758823326644
786785178844587867447657326588236653
786785178844587867447657326588263653
786785178885744678447657326588236653
786785178885744678447657326588263653
786785178885786744357653375688226644
786785178885786744357656758823326644
786785178885786744447657326588236653
786785178885786744447657326588263653
786785178885786787657326544823665443
786785178885786787657326544826365443
786785178885786787657326548423665443
786785178885786787657326548426365443
786785178885786787657326584423665443
786785178885786787657326584426365443
787644441578885528377686665533288776
787644441578885528377686665562887733
787644815788544528377686665533288776
787644815788544528377686665562887733
787681574488445528377686665533288776
787681574488445528377686665562887733
787681574488544786787657326588236653
787681574488544786787657326588263653
787681574488587678447657326588236653
787681574488587678447657326588263653
787681574488855237768446665533288776
787681574488855237768446665562887733
787681578448544528377686665533288776
787681578448544528377686665562887733
787681578844544528377686665533288776
787681578844544528377686665562887733
787681578885524437768446665533288776
787681578885524437768446665562887733
787681578885528377644633775568826644
787681578885528377644644665533288776
787681578885528377644644665562887733
787681578885528377644666445523388776
787681578885528377644666445526887733
787681578885528377644667755883326644
787681578885528377644677335568866244
787681578885528377644677655883366244
787681578885528377686665533244877644
787681578885528377686665533248477644
787681578885528377686665533284477644
787681578885528377686665562448774433
787681578885528377686665562484774433
787681578885528377686665562844774433
787684243726371445366667588857588875
787684243726371445388875566667588875
787684243726371445388875576666588875
787684243726371445388875578885766665
787684243726371445388875588875766665
788247267343674413588875566667588875
788247267343674413588875576666588875
788247267343674413588875578885766665
788247267343674413588875588875766665
788247267343678135887544566667588875
788247267343678135887544576666588875
788247267343678135887544578885766665
788247267343678135887544588875766665
788247267343678135887585788445766665
788247267346374413588875566667588875
788247267346374413588875576666588875
788247267346374413588875578885766665
788247267346374413588875588875766665
788247267346378135887544566667588875
788247267346378135887544576666588875
788247267346378135887544578885766665
788247267346378135887544588875766665
788247267346378135887585788445766665
