788337672588857655677442671443588866
788337672588857655677442671835886644
788364342776754427366155788857588866
788364347243277654767885861557588866
788364347261557677276544883587588866
788364347277546423761655788587588866
788364347278867768858755654382716654
788427267343674413588875566667588875
788427267343674413588875576666588875
788427267343674413588875578885766665
788427267343674413588875588875766665
788427267343678135887544566667588875
788427267343678135887544576666588875
788427267343678135887544578885766665
788427267343678135887544588875766665
788427267343678135887585788445766665
788427267346374413588875566667588875
788427267346374413588875576666588875
788427267346374413588875578885766665
788427267346374413588875588875766665
788427267346378135887544566667588875
788427267346378135887544576666588875
788427267346378135887544578885766665
788427267346378135887544588875766665
788427267346378135887585788445766665
788436342743277654767885861557588866
788436342761557677276544883587588866
788436342777546423761655788587588866
788436342778867768858755654382716654
788445265276664778863481753673588875
788445265276664778863481756373588875
788445265276664788763481757363588875
788445265276664788763481757633588875
788445713378867766555287442673588866
788445716788733766555287442673588866
788445716788767655335287442673588866
788445857367538887524778826347666615
788445857367538887526576661443882776
788445857367538887542778826347666615
788445857367538887567788243427666615
788445857367538887567788423427666615
788445857367538887572478826347666165
788445857367538887574278826347666165
788445857367538887576788243427666165
788445857367538887576788423427666165
788445857367538887576788634766615242
788445857367538887576788634766615422
788445857637538887524778826347666615
788445857637538887526576661443882776
788445857637538887542778826347666615
788445857637538887567788243427666615
788445857637538887567788423427666615
788445857637538887572478826347666165
788445857637538887574278826347666165
788445857637538887576788243427666165
788445857637538887576788423427666165
788445857637538887576788634766615242
788445857637538887576788634766615422
788463342743277654767885861557588866
788463342761557677276544883587588866
788463342777546423761655788587588866
788463342778867768858755654382716654
788544176788733766555287442673588866
788544176788767655335287442673588866
788544857367538887524778826347666615
788544857367538887526576661443882776
788544857367538887542778826347666615
788544857367538887567788243427666615
788544857367538887567788423427666615
788544857367538887572478826347666165
788544857367538887574278826347666165
788544857367538887576788243427666165
788544857367538887576788423427666165
788544857367538887576788634766615242
788544857367538887576788634766615422
788544857637538887524778826347666615
788544857637538887526576661443882776
788544857637538887542778826347666615
788544857637538887567788243427666615
788544857637538887567788423427666615
788544857637538887572478826347666165
788544857637538887574278826347666165
788544857637538887576788243427666165
788544857637538887576788423427666165
788544857637538887576788634766615242
788544857637538887576788634766615422
788583272487173437485664576657588866
788583272487173437845664576657588866
788583272667173348748544576657588866
788583272667173348784544576657588866
788583272667173366748544857574588866
788583272667173366748548457574588866
788583272667173366784544857574588866
788583272667173366784548457574588866
788583272667173374848544576657588866
788583272667173374884544576657588866
788583272667173376648544857574588866
788583272667173376648548457574588866
788583272667173376684544857574588866
788583272667173376684548457574588866
