788583272667173378448544576657588866
788583272667173378484544576657588866
788583272667173384748544576657588866
788583272667173384784544576657588866
788583272847173437485664576657588866
788583272847173437845664576657588866
788585736744538887524778826347666615
788585736744538887526576661443882776
788585736744538887542778826347666615
788585736744538887567788243427666615
788585736744538887567788423427666615
788585736744538887572478826347666165
788585736744538887574278826347666165
788585736744538887576788243427666165
788585736744538887576788423427666165
788585736744538887576788634766615242
788585736744538887576788634766615422
788585736785388741324276788445766665
788585736785388741342276788445766665
788585736785388741367788242445766665
788585736785388741367788422445766665
788585736785388754424778826347666615
788585736785388754426576661443882776
788585736785388754442778826347666615
788585736785388754467788243427666615
788585736785388754467788423427666615
788585736785388754472478826347666165
788585736785388754474278826347666165
788585736785388754476788243427666165
788585736785388754476788423427666165
788585736785388754476788634766615242
788585736785388754476788634766615422
788585763744538887524778826347666615
788585763744538887526576661443882776
788585763744538887542778826347666615
788585763744538887567788243427666615
788585763744538887567788423427666615
788585763744538887572478826347666165
788585763744538887574278826347666165
788585763744538887576788243427666165
788585763744538887576788423427666165
788585763744538887576788634766615242
788585763744538887576788634766615422
788585763785388741324276788445766665
788585763785388741342276788445766665
788585763785388741367788242445766665
788585763785388741367788422445766665
788585763785388754424778826347666615
788585763785388754426576661443882776
788585763785388754442778826347666615
788585763785388754467788243427666615
788585763785388754467788423427666615
788585763785388754472478826347666165
788585763785388754474278826347666165
788585763785388754476788243427666165
788585763785388754476788423427666165
788585763785388754476788634766615242
788585763785388754476788634766615422
788585788233767655677442671443588866
788585788233767655677442671835886644
788585788267733655677442671443588866
788585788267733655677442671835886644
788634342776754427366155788857588866
788634347243277654767885861557588866
788634347261557677276544883587588866
788634347277546423761655788587588866
788634347278867768858755654382716654
788672473436724413588875566667588875
788672473436724413588875576666588875
788672473436724413588875578885766665
788672473436724413588875588875766665
788672473436728135887544566667588875
788672473436728135887544576666588875
788672473436728135887544578885766665
788672473436728135887544588875766665
788672473436728135887585788445766665
788672473463724413588875566667588875
788672473463724413588875576666588875
788672473463724413588875578885766665
788672473463724413588875588875766665
788672473463728135887544566667588875
788672473463728135887544576666588875
788672473463728135887544578885766665
788672473463728135887544588875766665
788672473463728135887585788445766665
788672473466661578824458753673588875
788672473466661578824458756373588875
788672473466661578825448753673588875
788672473466661578825448756373588875
788672473466661578825875367443588875
788672473466661578825875367835887544
788672473466661578825875637443588875
788672473466661578825875637835887544
788672473466661578828575367443588875
788672473466661578828575367835887544
788672473466661578828575637443588875
788672473466661578828575637835887544
788672473466661588724458757363588875
788672473466661588724458757633588875
788672473466661588725448757363588875
