788672473466661588725448757633588875
788672473466661588725875736443588875
788672473466661588725875736835887544
788672473466661588725875763443588875
788672473466661588725875763835887544
788672473466661588728575736443588875
788672473466661588728575736835887544
788672473466661588728575763443588875
788672473466661588728575763835887544
788673372588857655677442671443588866
788673372588857655677442671835886644
788674273436724413588875566667588875
788674273436724413588875576666588875
788674273436724413588875578885766665
788674273436724413588875588875766665
788674273436728135887544566667588875
788674273436728135887544576666588875
788674273436728135887544578885766665
788674273436728135887544588875766665
788674273436728135887585788445766665
788674273463724413588875566667588875
788674273463724413588875576666588875
788674273463724413588875578885766665
788674273463724413588875588875766665
788674273463728135887544566667588875
788674273463728135887544576666588875
788674273463728135887544578885766665
788674273463728135887544588875766665
788674273463728135887585788445766665
788675174488733766555287442673588866
788675174488767655335287442673588866
788676437277544236788435861557588866
788676437277544263788435861557588866
788676617557427723654434883587588866
788676617557427726354434883587588866
788676777544422361365574388587588866
788676777544422361635574388587588866
788676778842736884358755654382716654
788676778842763884358755654382716654
788724267433671835887585788445766665
788724267436371835887585788445766665
788733675288857655677442671443588866
788733675288857655677442671835886644
788742267433671835887585788445766665
788742267436371835887585788445766665
788761574488733766555287442673588866
788761574488767655335287442673588866
788762474336721835887585788445766665
788762474363721835887585788445766665
788763375288857655677442671443588866
788763375288857655677442671835886644
788764274336721835887585788445766665
788764274363721835887585788445766665
788766437277542436788435861557588866
788766437277542463788435861557588866
788766617557247723654434883587588866
788766617557247726354434883587588866
788766725465134685724678876343588875
788766777544242361365574388587588866
788766777544242361635574388587588866
788766778824736884358755654382716654
788766778824763884358755654382716654
788853272487713437485664576657588866
788853272487713437845664576657588866
788853272667713348748544576657588866
788853272667713348784544576657588866
788853272667713366748544857574588866
788853272667713366748548457574588866
788853272667713366784544857574588866
788853272667713366784548457574588866
788853272667713374848544576657588866
788853272667713374884544576657588866
788853272667713376648544857574588866
788853272667713376648548457574588866
788853272667713376684544857574588866
788853272667713376684548457574588866
788853272667713378448544576657588866
788853272667713378484544576657588866
788853272667713384748544576657588866
788853272667713384784544576657588866
788853272847713437485664576657588866
788853272847713437845664576657588866
788855436486354421766557388826687777
788855436846354421766557388826687777
788855617486544263655743388826687777
788855617486544266355743388826687777
788855617846544263655743388826687777
788855617846544266355743388826687777
788855736447538885724788276347666615
788855736447538885726566671443882776
788855736447538885742788276347666615
788855736447538885767887243427666615
788855736447538885767887423427666615
788855736447538885772488276347666165
788855736447538885774288276347666165
788855736447538885776887243427666165
788855736447538885776887423427666165
788855736447538885776887634766615242
788855736447538885776887634766615422
788855736744538887524778826347666615
