788855736744538887526576661443882776
788855736744538887542778826347666615
788855736744538887567788243427666615
788855736744538887567788423427666615
788855736744538887572478826347666165
788855736744538887574278826347666165
788855736744538887576788243427666165
788855736744538887576788423427666165
788855736744538887576788634766615242
788855736744538887576788634766615422
788855736785388714243276788445766665
788855736785388714423276788445766665
788855736785388714637487822445766665
788855736785388714637667822454876654
788855736785388714637667822458476654
788855736785388714637748822445766665
788855736785388714637766646588272544
788855736785388714637766822454876654
788855736785388714637766822458476654
788855736785388714637784822445766665
788855736785388714637788242445766665
788855736785388714637788422445766665
788855736785388714637847822445766665
788855736785388754424778826347666615
788855736785388754426576661443882776
788855736785388754442778826347666615
788855736785388754467788243427666615
788855736785388754467788423427666615
788855736785388754472478826347666165
788855736785388754474278826347666165
788855736785388754476788243427666165
788855736785388754476788423427666165
788855736785388754476788634766615242
788855736785388754476788634766615422
788855736875388147243276887445766665
788855736875388147423276887445766665
788855736875388147637488272445766665
788855736875388147637666476588272544
788855736875388147637668272454876654
788855736875388147637668272458476654
788855736875388147637848272445766665
788855736875388147637882472445766665
788855736875388147637884272445766665
788855736875388574424788276347666615
788855736875388574426566671443882776
788855736875388574442788276347666615
788855736875388574467887243427666615
788855736875388574467887423427666615
788855736875388574472488276347666165
788855736875388574474288276347666165
788855736875388574476887243427666165
788855736875388574476887423427666165
788855736875388574476887634766615242
788855736875388574476887634766615422
788855738675382657647868734428766154
788855748575457666623271773663488884
788855748575457666623271773663848884
788855748575457666623271773663884884
788855748575457666623271773663888484
788855748575457666623271773663888844
788855748575457666623271776363488884
788855748575457666623271776363848884
788855748575457666623271776363884884
788855748575457666623271776363888484
788855748575457666623271776363888844
788855748575457666623271776633488884
788855748575457666623271776633848884
788855748575457666623271776633884884
788855748575457666623271776633888484
788855748575457666623271776633888844
788855763447538885724788276347666615
788855763447538885726566671443882776
788855763447538885742788276347666615
788855763447538885767887243427666615
788855763447538885767887423427666615
788855763447538885772488276347666165
788855763447538885774288276347666165
788855763447538885776887243427666165
788855763447538885776887423427666165
788855763447538885776887634766615242
788855763447538885776887634766615422
788855763744538887524778826347666615
788855763744538887526576661443882776
788855763744538887542778826347666615
788855763744538887567788243427666615
788855763744538887567788423427666615
788855763744538887572478826347666165
788855763744538887574278826347666165
788855763744538887576788243427666165
788855763744538887576788423427666165
788855763744538887576788634766615242
788855763744538887576788634766615422
788855763785388714243276788445766665
788855763785388714423276788445766665
788855763785388714637487822445766665
788855763785388714637667822454876654
788855763785388714637667822458476654
788855763785388714637748822445766665
788855763785388714637766646588272544
788855763785388714637766822454876654
