788855763785388714637766822458476654
788855763785388714637784822445766665
788855763785388714637788242445766665
788855763785388714637788422445766665
788855763785388714637847822445766665
788855763785388754424778826347666615
788855763785388754426576661443882776
788855763785388754442778826347666615
788855763785388754467788243427666615
788855763785388754467788423427666615
788855763785388754472478826347666165
788855763785388754474278826347666165
788855763785388754476788243427666165
788855763785388754476788423427666165
788855763785388754476788634766615242
788855763785388754476788634766615422
788855763875388147243276887445766665
788855763875388147423276887445766665
788855763875388147637488272445766665
788855763875388147637666476588272544
788855763875388147637668272454876654
788855763875388147637668272458476654
788855763875388147637848272445766665
788855763875388147637882472445766665
788855763875388147637884272445766665
788855763875388574424788276347666615
788855763875388574426566671443882776
788855763875388574442788276347666615
788855763875388574467887243427666615
788855763875388574467887423427666615
788855763875388574472488276347666165
788855763875388574474288276347666165
788855763875388574476887243427666165
788855763875388574476887423427666165
788855763875388574476887634766615242
788855763875388574476887634766615422
788855766575548766423271774833488866
788855766575548766423271776633488884
788855766575548766423271776633848884
788855766575548766423271776633884884
788855766575548766423271776633888484
788855766575548766423271776633888844
788855766575548766423271778433488866
788855766575566766234827177343488884
788855766575566766234827177343848884
788855766575566766234827177343884884
788855766575566766234827177343888484
788855766575566766234827177343888844
788855766575566766238427177343488884
788855766575566766238427177343848884
788855766575566766238427177343884884
788855766575566766238427177343888484
788855766575566766238427177343888844
788855766575574866423271773663488884
788855766575574866423271773663848884
788855766575574866423271773663884884
788855766575574866423271773663888484
788855766575574866423271773663888844
788855766575574866423271776363488884
788855766575574866423271776363848884
788855766575574866423271776363884884
788855766575574866423271776363888484
788855766575574866423271776363888844
788855766575574866423271776633488884
788855766575574866423271776633848884
788855766575574866423271776633884884
788855766575574866423271776633888484
788855766575574866423271776633888844
788855766575576666234827177343488884
788855766575576666234827177343848884
788855766575576666234827177343884884
788855766575576666234827177343888484
788855766575576666234827177343888844
788855766575576666238427177343488884
788855766575576666238427177343848884
788855766575576666238427177343884884
788855766575576666238427177343888484
788855766575576666238427177343888844
788855766575578466243271773663488884
788855766575578466243271773663848884
788855766575578466243271773663884884
788855766575578466243271773663888484
788855766575578466243271773663888844
788855766575578466243271776363488884
788855766575578466243271776363848884
788855766575578466243271776363884884
788855766575578466243271776363888484
788855766575578466243271776363888844
788855766575578466243271776633488884
788855766575578466243271776633848884
788855766575578466243271776633884884
788855766575578466243271776633888484
788855766575578466243271776633888844
788855766575578466423271773663488884
788855766575578466423271773663848884
788855766575578466423271773663884884
788855766575578466423271773663888484
788855766575578466423271773663888844
788855766575578466423271776363488884
788855766575578466423271776363848884
