788855766575578466423271776363884884
788855766575578466423271776363888484
788855766575578466423271776363888844
788855766575578466423271776633488884
788855766575578466423271776633848884
788855766575578466423271776633884884
788855766575578466423271776633888484
788855766575578466423271776633888844
788855766575584766423271774833488866
788855766575584766423271776633488884
788855766575584766423271776633848884
788855766575584766423271776633884884
788855766575584766423271776633888484
788855766575584766423271776633888844
788855766575584766423271778433488866
788855766665788445857367314243882776
788855766665788445857367314423882776
788855766665788445857367314638877242
788855766665788445857367314638877422
788855766665788445857637314243882776
788855766665788445857637314423882776
788855766665788445857637314638877242
788855766665788445857637314638877422
788855766665788855734764314423828776
788855766665788855736744314243882776
788855766665788855736744314423882776
788855766665788855736744314638877242
788855766665788855736744314638877422
788855766665788855763744314243882776
788855766665788855763744314423882776
788855766665788855763744314638877242
788855766665788855763744314638877422
788855766665887445857736314243882776
788855766665887445857736314423882776
788855766665887445857736314638877242
788855766665887445857736314638877422
788855766665887445857763314243882776
788855766665887445857763314423882776
788855766665887445857763314638877242
788855766665887445857763314638877422
788855766665887855773644314243882776
788855766665887855773644314423882776
788855766665887855773644314638877242
788855766665887855773644314638877422
788855766665887855776344314243882776
788855766665887855776344314423882776
788855766665887855776344314638877242
788855766665887855776344314638877422
788855766665888432314537774654288776
788855777442735615533244668886688776
788855777442735615533264468886688776
788855777442735615533268688664488776
788855777442735615533277688446688866
788855777442735615533277688644688866
788855777442735615533277688664488866
788855777442735615533277688668886644
788855777442735615533277688686886644
788855777442735615533277688866886644
788855777442735615533286688664488776
788855777442735615544668886633288776
788855777442735615544668886662887733
788855777442735615562446883386688776
788855777442735615562446886863388776
788855777442735615562446886866887733
788855777442735615562644883386688776
788855777442735615562644886863388776
788855777442735615562644886866887733
788855777442735615562688833664488776
788855777442735615562688866443388776
788855777442735615562688866446887733
788855777442735615562778833446688866
788855777442735615562778833644688866
788855777442735615562778833664488866
788855777442735615562778833668886644
788855777442735615562778833686886644
788855777442735615562778833866886644
788855777442735615562778864463388866
788855777442735615562778864466888633
788855777442735615562778866443388866
788855777442735615562778866446888633
788855777442735615562778866833886644
788855777442735615562778866868864433
788855777442735615562778868633886644
788855777442735615562778868668864433
788855777442735615562868833664488776
788855777442735615562868866443388776
788855777442735615562868866446887733
788855777442735615586338867768866244
788855777442735615586688337768826644
788855777442735615586688446633288776
788855777442735615586688446662887733
788855777442735615586688664423388776
788855777442735615586688664426887733
788855777442735615586688677883326644
788855777442735615586688773368866244
788855777442735615586688776883366244
788855784575457666623271773663488884
788855784575457666623271773663848884
788855784575457666623271773663884884
788855784575457666623271773663888484
