788855784575457666623271773663888844
788855784575457666623271776363488884
788855784575457666623271776363848884
788855784575457666623271776363884884
788855784575457666623271776363888484
788855784575457666623271776363888844
788855784575457666623271776633488884
788855784575457666623271776633848884
788855784575457666623271776633884884
788855784575457666623271776633888484
788855784575457666623271776633888844
788855788332767655677442671443588866
788855788332767655677442671835886644
788855788627733655677442671443588866
788855788627733655677442671835886644
788855788627766557337442671443588866
788855788627766557337442671835886644
788855788857566665734764314423828776
788855788857566665736744314243882776
788855788857566665736744314423882776
788855788857566665736744314638877242
788855788857566665736744314638877422
788855788857566665763744314243882776
788855788857566665763744314423882776
788855788857566665763744314638877242
788855788857566665763744314638877422
824433572655574478168776887675388866
824433572655578781674476887675388866
824433572655578781678768767445388866
824433572655578781678768767853886644
824465725553374478168776887675388866
824465725553378781674476887675388866
824465725553378781678768767445388866
824465725553378781678768767853886644
833244572655574478168776887675388866
833244572655578781674476887675388866
833244572655578781678768767445388866
833244572655578781678768767853886644
833424572655574478168776887675388866
833424572655578781674476887675388866
833424572655578781678768767445388866
833424572655578781678768767853886644
833442572655574478168776887675388866
833442572655578781674476887675388866
833442572655578781678768767445388866
833442572655578781678768767853886644
833446868644868225513786787655587777
833446868688622551374486787655587777
833446868688622551378867764455587777
833446868688622551378867768555777744
833555762445274478168776887675388866
833555762445278781674476887675388866
833555762445278781678768767445388866
833555762445278781678768767853886644
833555764245274478168776887675388866
833555764245278781674476887675388866
833555764245278781678768767445388866
833555764245278781678768767853886644
833555764425274478168776887675388866
833555764425278781674476887675388866
833555764425278781678768767445388866
833555764425278781678768767853886644
833644868644868225513786787655587777
833644868688622551374486787655587777
833644868688622551378867764455587777
833644868688622551378867768555777744
833688664444868225513786787655587777
833688668448622551374486787655587777
833688668448622551378867764455587777
833688668448622551378867768555777744
833774468266888578716786555258773644
833778626644888578716876735442876555
833778626684488578716786555258773644
833778626688857448716876735442876555
833778626688857844716786555258773644
833778626688857887167446735442876555
833778626688857887167644735442876555
833778626688857887167655544258773644
833778626688857887167655582577364444
833778626688857887167687354427655544
833778626688857887167867354427655544
833868664422486485513786787655587777
833868664444868225513786787655587777
833868668224864551374486787655587777
833868668224864551378867764455587777
833868668224864551378867768555777744
833868668448622551374486787655587777
833868668448622551378867764455587777
833868668448622551378867768555777744
833877644644865381522655758886687777
833877644688653152264455758886687777
833877644688653152268557588664487777
833877644688653152268557588668777744
836667358878554776742327761655488884
836667358878554776742327761655848884
836667358878554776742327761655884884
836667358878554776742327761655888484
836667358878554776742327761655888844
836748342761557677726454885387588866
836748342761557688526455438886687777
