836784342761557677726454885387588866
836784342761557688526455438886687777
842433572655574478168776887675388866
842433572655578781674476887675388866
842433572655578781678768767445388866
842433572655578781678768767853886644
842465725553374478168776887675388866
842465725553378781674476887675388866
842465725553378781678768767445388866
842465725553378781678768767853886644
843777342136676625756675588875488884
843777342136676625756675588875848884
843777342136676625756675588875884884
843777342136676625756675588875888484
843777342136676625756675588875888844
844233572655574478168776887675388866
844233572655578781674476887675388866
844233572655578781678768767445388866
844233572655578781678768767853886644
844265725553374478168776887675388866
844265725553378781674476887675388866
844265725553378781678768767445388866
844265725553378781678768767853886644
844365634452767653287867858875887176
844446688668552233831787687655587777
844578716788544786782236553656388776
844578716788544786782236556356388776
844578716788587678442236553656388776
844578716788587678442236556356388776
844587716788445788767637562528863653
844587716788445788767637562528866353
844587716788544258677386556623388776
844587716788544258677386556626887733
844587716788582567734486556623388776
844587716788582567734486556626887733
844587716788857876447637562528863653
844587716788857876447637562528866353
844633446886865522831787687655587777
844633868684465522831787687655587777
844633868688655223178447687655587777
844633868688655223178876765554487777
844633868688655223178876765558777744
844635634452767653287867858875887176
844644688668552233831787687655587777
844664488633865522831787687655587777
844664488668552233831787687655587777
844668447565585188733767772273588866
844668447565585188767777233273588866
844668447565585188767887673827723653
844668447565585188767887673827726353
844668863384465522831787687655587777
844668863388655223178447687655587777
844668863388655223178876765554487777
844668863388655223178876765558777744
844668866448833225513786787655587777
844668866844552233831787687655587777
844668866883322551374486787655587777
844668866883322551378867764455587777
844668866883322551378867768555777744
844668866885522333178447687655587777
844668866885522333178876765554487777
844668866885522333178876765558777744
844677866844877683322558137867876555
844677866887768443322558137867876555
844677866887768833225513784467876555
844677866887768833225513788677655544
844677866887768854478356733221876555
844677866887768854478867765553533122
844677866887768858735673322441876555
844677866887768858786774465553533122
844686866844552233831787687655587777
844773364466265581777788857355888266
844773364466265587876358582875881776
844773368662887167835544827867876555
844773368662887167835588276744876555
844776443366265581777788857355888266
844776443366265587876358582875881776
844776446365655338782267858875881776
844776446635655338782267858875881776
844776536255544786787518886623388776
844776536255544786787518886626887733
844776536255587588771336887768866244
844776536255587588771688337768826644
844776536255587588771688446633288776
844776536255587588771688446662887733
844776536255587588771688664423388776
844776536255587588771688664426887733
844776536255587588771688677883326644
844776536255587588771688773368866244
844776536255587588771688776883366244
844776536255587678447518886623388776
844776536255587678447518886626887733
844776536255587678875188664423388776
844776536255587678875188664426887733
844776536255587678875188668233877644
844776536255587678875188668268774433
844776833662887167835544827867876555
844776833662887167835588276744876555
844776863658371386227854487867876555
844776863658371386227858876744876555
