844776866358371386227854487867876555
844776866358371386227858876744876555
844866442557883587777861556623388776
844866442557883587777861556626887733
844866442557883733661557528886687777
844866442557883766155733528886687777
844866445777732332767885861557588866
844866445777732627788335861557588866
844866866844552233831787687655587777
845366434456727563288767588875887716
845487445775663227168878578858736663
845487445775663227168878578858763663
845487445775663227168878578858766363
845487445775663227168878578858766633
845487445775663228366673588875887716
845487445775663228636673588875887716
845487445775663228663673588875887716
845487445775663228666373588875887716
845636434456727563288767588875887716
845643634456277563288767588875887716
845646334456277563288767588875887716
845663434456727563288767588875887716
845667454877532427168878578858736663
845667454877532427168878578858763663
845667454877532427168878578858766363
845667454877532427168878578858766633
845667454877532428366673588875887716
845667454877532428636673588875887716
845667454877532428663673588875887716
845667454877532428666373588875887716
845667454877534227168878578858736663
845667454877534227168878578858763663
845667454877534227168878578858766363
845667454877534227168878578858766633
845667454877534228366673588875887716
845667454877534228636673588875887716
845667454877534228663673588875887716
845667454877534228666373588875887716
845667454877536836672432588875887716
845667454877536836674232588875887716
845667454877536863672432588875887716
845667454877536863674232588875887716
845667454877536866372432588875887716
845667454877536866374232588875887716
845667456677532482836743588875887716
845667456677532482863743588875887716
845667456677532842836743588875887716
845667456677532842863743588875887716
845667458477532427168878578858736663
845667458477532427168878578858763663
845667458477532427168878578858766363
845667458477532427168878578858766633
845667458477532428366673588875887716
845667458477532428636673588875887716
845667458477532428663673588875887716
845667458477532428666373588875887716
845676456677532824836743588875887716
845676456677532824863743588875887716
845748445775663227168878578858736663
845748445775663227168878578858763663
845748445775663227168878578858766363
845748445775663227168878578858766633
845748445775663228366673588875887716
845748445775663228636673588875887716
845748445775663228663673588875887716
845748445775663228666373588875887716
845766454877532427168878578858736663
845766454877532427168878578858763663
845766454877532427168878578858766363
845766454877532427168878578858766633
845766454877532428366673588875887716
845766454877532428636673588875887716
845766454877532428663673588875887716
845766454877532428666373588875887716
845766456677532248836743588875887716
845766456677532248863743588875887716
845766456677532284836743588875887716
845766456677532284863743588875887716
845766458477532427168878578858736663
845766458477532427168878578858763663
845766458477532427168878578858766363
845766458477532427168878578858766633
845766458477532428366673588875887716
845766458477532428636673588875887716
845766458477532428663673588875887716
845766458477532428666373588875887716
845784445775663227168878578858736663
845784445775663227168878578858763663
845784445775663227168878578858766363
845784445775663227168878578858766633
845784445775663228366673588875887716
845784445775663228636673588875887716
845784445775663228663673588875887716
845784445775663228666373588875887716
845847445775663227168878578858736663
845847445775663227168878578858763663
845847445775663227168878578858766363
845847445775663227168878578858766633
845847445775663228366673588875887716
845847445775663228636673588875887716
