845847445775663228663673588875887716
845847445775663228666373588875887716
846657458476627288673481757363588875
846657458476627288673481757633588875
847368347216675525886545483886687777
847368347216675527776544835887588866
847377342173666625757665588875488884
847377342173666625757665588875848884
847377342173666625757665588875884884
847377342173666625757665588875888484
847377342173666625757665588875888844
847548445766572321788675888758736663
847548445766572321788675888758763663
847548445766572321788675888758766363
847548445766572321788675888758766633
847548445766572328366673885875881776
847548445766572328636673885875881776
847548445766572328663673885875881776
847548445766572328666373885875881776
847557482163667325886545483886687777
847557482163667327776544835887588866
847557482166367325886545483886687777
847557482166367327776544835887588866
847584445766572321788675888758736663
847584445766572321788675888758763663
847584445766572321788675888758766363
847584445766572321788675888758766633
847584445766572328366673885875881776
847584445766572328636673885875881776
847584445766572328663673885875881776
847584445766572328666373885875881776
847638347216675525886545483886687777
847638347216675527776544835887588866
847665458476627278863481753673588875
847665458476627278863481756373588875
847665458476627288763481757363588875
847665458476627288763481757633588875
847755428136667325886545483886687777
847755428136667327776544835887588866
847755428163667325886545483886687777
847755428163667327776544835887588866
847755428166367325886545483886687777
847755428166367327776544835887588866
847755428754664238366673885875881776
847755428754664238636673885875881776
847755428754664238663673885875881776
847755428754664238666373885875881776
847836342716675525886545483886687777
847836342716675527776544835887588866
847836342761755627776454358887588866
847836342761755627776544538887588866
847863342716675525886545483886687777
847863342716675527776544835887588866
847863342761755627776454358887588866
847863342761755627776544538887588866
848226644745555531677886833886687777
848226644745555531677886868863387777
848226644745555531687786338886687777
848226644745555531687786688863387777
848466422745555531677886833886687777
848466422745555531677886868863387777
848466422745555531687786338886687777
848466422745555531687786688863387777
848466442557883587777861556623388776
848466442557883587777861556626887733
848466442557883733661557528886687777
848466442557883766155733528886687777
848466445777732332767885861557588866
848466445777732627788335861557588866
848547413646555526277886833886687777
848547413646555526277886868863387777
848547413646555526287786338886687777
848547413646555526287786688863387777
848556437678836461355745228886687777
848556437678863461355745228886687777
848622644745555531677886833886687777
848622644745555531677886868863387777
848622644745555531687786338886687777
848622644745555531687786688863387777
848646422745555531677886833886687777
848646422745555531677886868863387777
848646422745555531687786338886687777
848646422745555531687786688863387777
848662244745555531677886833886687777
848662244745555531677886868863387777
848662244745555531687786338886687777
848662244745555531687786688863387777
848664422745555531677886833886687777
848664422745555531677886868863387777
848664422745555531687786338886687777
848664422745555531687786688863387777
848745431622655554677886833886687777
848745431622655554677886868863387777
848745431622655554687786338886687777
848745431622655554687786688863387777
848745431646555522677886833886687777
848745431646555522677886868863387777
848745431646555522687786338886687777
848745431646555522687786688863387777
848745431662255554677886833886687777
