848745431662255554677886868863387777
848745431662255554687786338886687777
848745431662255554687786688863387777
848745431664555522677886833886687777
848745431664555522677886868863387777
848745431664555522687786338886687777
848745431664555522687786688863387777
848884225777645468853638316665587777
848884225777645468856338316665587777
848884366687388578574577643272761655
848884366777348213667245756675588875
848884366777366213667254875754588875
848884366777366213667258475754588875
848884366777382413667245756675588875
848884366777384213667245756675588875
848884367776322568854543816665587777
848884367776345688522543816665587777
848884367776345688545382216665587777
848884367776352268854543816665587777
848884367776354688522543816665587777
848884367776354688545382216665587777
848884368766372751665577746548883275
848884457767432656577518273675388866
848884457767432656577518276375388866
848884457776225468853638316665587777
848884457776225468856338316665587777
848884457776456885223638316665587777
848884457776456885226338316665587777
848884483777342136676625756675588875
848884487377342173666625757665588875
848884522777645468853638316665587777
848884522777645468856338316665587777
848884547776225468853638316665587777
848884547776225468856338316665587777
848884547776456885223638316665587777
848884547776456885226338316665587777
848884588875775485457666632277173663
848884588875775485457666632277176363
848884588875775485457666632277176633
848884588875775665548766324277173663
848884588875775665548766324277176363
848884588875775665548766324277176633
848884588875775665548766342277173663
848884588875775665548766342277176363
848884588875775665548766342277176633
848884588875775665566766322487717343
848884588875775665566766322847717343
848884588875775665574866324277173663
848884588875775665576666322487717343
848884588875775665576666322847717343
848884588875775665578466324277173663
848884588875775665584766324277173663
848884588875775665584766324277176363
848884588875775665584766324277176633
848884588875775845457666632277173663
848884588875775845457666632277176363
848884588875775845457666632277176633
848884636687388578574577643272761655
848884636777348213667245756675588875
848884636777366213667254875754588875
848884636777366213667258475754588875
848884636777382413667245756675588875
848884636777384213667245756675588875
848884637776322568854543816665587777
848884637776345688522543816665587777
848884637776345688545382216665587777
848884637776352268854543816665587777
848884637776354688522543816665587777
848884637776354688545382216665587777
848884638766372751665577746548883275
848884655677721634277548588758736663
848884655677721634277548588758763663
848884655677721634277548588758766363
848884655677721634277548588758766633
848884663687388578574577643272761655
848884663777348213667245756675588875
848884663777366213667254875754588875
848884663777366213667258475754588875
848884663777382413667245756675588875
848884663777384213667245756675588875
848884664776457618555388223665387777
848884664776457618555388226365387777
848884664776457618555388226635387777
848884666387388578574577643272761655
848884666576122577665538488354387777
848884666576122577665538848354387777
848884666576122577665538884354387777
848884667377348217366245757665588875
848884667377384217366245757665588875
848884667836357276156547776543888725
848884667863357276156547776543888725
848884668887578365372761556432777654
848884668887578635372761556432777654
848884675666221677556583488354387777
848884675666221677556583848354387777
848884675666221677556583884354387777
848884677466467558155832283665387777
848884677466467558155832286365387777
848884677466467558155832286635387777
848884677722545645883683366615587777
