848884677722545645886383366615587777
848884677736362255884583466615587777
848884677736364558822583466615587777
848884677736364558845832266615587777
848884677736365225884583466615587777
848884677736365458822583466615587777
848884677736365458845832266615587777
848884677745225645883683366615587777
848884677745225645886383366615587777
848884677745456588223683366615587777
848884677745456588226383366615587777
848884677752245645883683366615587777
848884677752245645886383366615587777
848884677754225645883683366615587777
848884677754225645886383366615587777
848884677754456588223683366615587777
848884677754456588226383366615587777
848884677763362255884583466615587777
848884677763364558822583466615587777
848884677763364558845832266615587777
848884677763365225884583466615587777
848884677763365458822583466615587777
848884677763365458845832266615587777
848884736668388578577457643277261655
848884736677348217366245757665588875
848884736677366217366254875754588875
848884736677366217366258475754588875
848884736677382417366245757665588875
848884736677384217366245757665588875
848884748377342173666625757665588875
848884758882354776745676575182766363
848884758882354776745676575182766633
848884758885775485457666632277713663
848884758885775485457666632277716363
848884758885775485457666632277716633
848884758885775665574866324277713663
848884758885775665574866324277716363
848884758885775665574866324277716633
848884758885775665574866342277713663
848884758885775665574866342277716363
848884758885775665574866342277716633
848884758885775665576666322487771343
848884758885775665576666322847771343
848884758885775665578466324277713663
848884758885775665578466324277716363
848884758885775665578466324277716633
848884758885775845457666632277713663
848884758885775845457666632277716363
848884758885775845457666632277716633
848884763668388578577457643277261655
848884763677348217366245757665588875
848884763677366217366254875754588875
848884763677366217366258475754588875
848884763677382417366245757665588875
848884763677384217366245757665588875
848884765567127436727545888758736663
848884765567127436727545888758763663
848884765567127436727545888758766363
848884765567127436727545888758766633
848884765567721634727548578858736663
848884765567721634727548578858763663
848884765567721634727548578858766363
848884765567721634727548578858766633
848884766368388578577457643277261655
848884766377348217366245757665588875
848884766377366217366254875754588875
848884766377366217366258475754588875
848884766377382417366245757665588875
848884766377384217366245757665588875
848884766638388578577457643277261655
848884767754423675657281573673588866
848884767754423675657281576373588866
848884773487341266372665576675588875
848884773667312486637254576675588875
848884773667312666637254857754588875
848884773667312666637258457754588875
848884773667312846637254576675588875
848884773667314286637254576675588875
848884773748341266372665576675588875
848884773766312486637254576675588875
848884773766312846637254576675588875
848884773784341266372665576675588875
848884773847341266372665576675588875
848884776367312486637254576675588875
848884776367312666637254857754588875
848884776367312666637258457754588875
848884776367312846637254576675588875
848884776367314286637254576675588875
848884776556127436772545878858736663
848884776556127436772545878858763663
848884776556127436772545878858766363
848884776556127436772545878858766633
848884776637312486637254576675588875
848884776637312666637254857754588875
848884776637312666637258457754588875
848884776637312846637254576675588875
848884776637314286637254576675588875
848884777348341276632665577665588875
848884777366312487663254577665588875
848884777366312667663254857754588875
