848884777366312667663258457754588875
848884777366312847663254577665588875
848884777366314287663254577665588875
848884777384341276632665577665588875
848884777636312487663254577665588875
848884777636312667663254857754588875
848884777636312667663258457754588875
848884777636312847663254577665588875
848884777636314287663254577665588875
848884777663312487663254577665588875
848884777663312667663254857754588875
848884777663312667663258457754588875
848884777663312847663254577665588875
848884777663314287663254577665588875
848884777785488383453776565227666165
848884777785566682251883456547773663
848884777785566682251883456547776363
848884777785566683618833562254777654
848884777785566683618833564577722654
848884777785566683618833564577746522
848884777785566683618833565224777654
848884777785566683618833565477722654
848884777785566683618833565477746522
848884777785566684518832256547773663
848884777785566684518832256547776363
848884777785566684518834565227773663
848884777785566684518834565227776363
848884777785566685221883456547773663
848884777785566685221883456547776363
848884777785566685418832256547773663
848884777785566685418832256547776363
848884777785566685418834565227773663
848884777785566685418834565227776363
848884777785566686318833562254777654
848884777785566686318833564577722654
848884777785566686318833564577746522
848884777785566686318833565224777654
848884777785566686318833565477722654
848884777785566686318833565477746522
848884777785836683522837556541776664
848884777785848383453776565227666165
848884777785863683522837556541776664
848884777785866383522837556541776664
848884777785884383453776565227666165
848884783666358878575476742372761655
848884784377342173666625757665588875
848884786366358878575476742372761655
848884786636358878575476742372761655
848884786663358878575476742372761655
848884788855748575457666623271773663
848884788855748575457666623271776363
848884788855748575457666623271776633
848884788855766575548766423271776633
848884788855766575566766234827177343
848884788855766575566766238427177343
848884788855766575574866423271773663
848884788855766575574866423271776363
848884788855766575574866423271776633
848884788855766575576666234827177343
848884788855766575576666238427177343
848884788855766575578466243271773663
848884788855766575578466243271776363
848884788855766575578466243271776633
848884788855766575578466423271773663
848884788855766575578466423271776363
848884788855766575578466423271776633
848884788855766575584766423271776633
848884788855784575457666623271773663
848884788855784575457666623271776363
848884788855784575457666623271776633
848884836667358878554776742327761655
848884843777342136676625756675588875
848884847377342173666625757665588875
848884863667358878554776742327761655
848884866367358878554776742327761655
848884866637358878554776742327761655
848884877773488583453677655722616665
848884877773668583538225765514776664
848884877773848583453677655722616665
848884877773884583453677655722616665
848884877776368583538225765514776664
848884877776638583538225765514776664
848884877776665581225388465547776363
848884877776665581225388465547776633
848884877776665581363883652254777654
848884877776665581363883654577762254
848884877776665581363883654577764522
848884877776665581363883655224777654
848884877776665581363883655477762254
848884877776665581363883655477764522
848884877776665581453886522547776363
848884877776665581453886522547776633
848884877776665581453886545227776363
848884877776665581453886545227776633
848884877776665581522388465547776363
848884877776665581522388465547776633
848884877776665581543886522547776363
848884877776665581543886522547776633
848884877776665581543886545227776363
848884877776665581543886545227776633
