848884877776665581633883652254777654
848884877776665581633883654577762254
848884877776665581633883654577764522
848884877776665581633883655224777654
848884877776665581633883655477762254
848884877776665581633883655477764522
848884888573245767745675675281736663
848884888573245767745675675281763663
848884888575748575457666623217773663
848884888575748575457666623217776363
848884888575748575457666623217776633
848884888575766575548766423217773663
848884888575766575548766423217776363
848884888575766575548766423217776633
848884888575766575566766234821777343
848884888575766575566766238421777343
848884888575766575584766243217773663
848884888575766575584766243217776363
848884888575766575584766243217776633
848884888575766575584766423217773663
848884888575766575584766423217776363
848884888575766575584766423217776633
848884888575784575457666623217773663
848884888575784575457666623217776363
848884888575784575457666623217776633
848884888665736873577216655347772654
848884888665763873577216655347772654
853375524737551846688624468877688776
853375524737551846868624468877688776
853375524737551846886624468877688776
854478176788544786782236553656388776
854478176788544786782236556356388776
854478176788587678442236553656388776
854478176788587678442236556356388776
854487176788445788767637562528863653
854487176788445788767637562528866353
854487176788544258677386556623388776
854487176788544258677386556626887733
854487176788582567734486556623388776
854487176788582567734486556626887733
854487176788857876447637562528863653
854487176788857876447637562528866353
855335762445274478168776887675388866
855335762445278781674476887675388866
855335762445278781678768767445388866
855335762445278781678768767853886644
855335764245274478168776887675388866
855335764245278781674476887675388866
855335764245278781678768767445388866
855335764245278781678768767853886644
855335764425274478168776887675388866
855335764425278781674476887675388866
855335764425278781678768767445388866
855335764425278781678768767853886644
855477137425558336688624468877688776
855477137425558336868624468877688776
855477137425558336886624468877688776
855533724773155846688624468877688776
855533724773155846868624468877688776
855533724773155846886624468877688776
855567447678854477126833287675388866
855567447678858771688733753628826644
855567447678858771688767532883326644
855567876744855381332244668886687777
855567876744855381332264468886687777
855567876744855381332266448886687777
855567876744855381332266888664487777
855567876744855381332267788644688776
855567876744855381332267788664488776
855567876744855381332267788668877644
855567876744855381332267788686877644
855567876744855381332268688664487777
855567876744855381332286688664487777
855567876744855381334646228886687777
855567876744855381622446833886687777
855567876744855381622446868863387777
855567876744855381622644833886687777
855567876744855381622644868863387777
855567876744855381622688338664487777
855567876744855381622688686443387777
855567876744855381622868338664487777
855567876744855381622868686443387777
855567876744855381646422833886687777
855567876744855381646422868863387777
855567876785444477126833287675388866
855567876785538133224444668886687777
855567876785538133224464468886687777
855567876785538133224466448886687777
855567876785538133224466888664487777
855567876785538133224467788644688776
855567876785538133224467788664488776
855567876785538133224467788668877644
855567876785538133224467788686877644
855567876785538133224468688664487777
855567876785538133224486688664487777
855567876785538133228446688664487777
855567876785538133228446688668777744
855567876785538133228644688664487777
855567876785538133228644688668777744
855567876785538133228664488664487777
