855567876785538133228664488668777744
855567876785538133228668866444487777
855567876785538133228668866844777744
855567876785538133228677864444688776
855567876785538133228677864464488776
855567876785538133228677864468877644
855567876785538133228677864486877644
855567876785538133228677868446877644
855567876785538133228677868644877644
855567876785538133228677868687764444
855567876785538133228677868867764444
855567876785538133228686866444487777
855567876785538133228686866844777744
855567876785538133228866866444487777
855567876785538133228866866844777744
855567876785538133444646228886687777
855567876785538133486462288664487777
855567876785538133486462288668777744
855567876785538162244446833886687777
855567876785538162244446868863387777
855567876785538162244644833886687777
855567876785538162244644868863387777
855567876785538162244688338664487777
855567876785538162244688686443387777
855567876785538162244868338664487777
855567876785538162244868686443387777
855567876785538162284463388664487777
855567876785538162284463388668777744
855567876785538162284466886443387777
855567876785538162284466886833777744
855567876785538162286443388664487777
855567876785538162286443388668777744
855567876785538162286446886443387777
855567876785538162286446886833777744
855567876785538162286833866444487777
855567876785538162286833866844777744
855567876785538162286868644443387777
855567876785538162286868684433777744
855567876785538162288633866444487777
855567876785538162288633866844777744
855567876785538162288668644443387777
855567876785538162288668684433777744
855567876785538164446422833886687777
855567876785538164446422868863387777
855567876785538164864223388664487777
855567876785538164864223388668777744
855567876785538164864226886443387777
855567876785538164864226886833777744
855567876785844771688733753628826644
855567876785844771688767532883326644
855576672645851483873643488727688776
855576672645851483874363488277688776
855576672645851483874633488277688776
855576672645851483876343488727688776
855576672645851483876788677428873643
855576672645851483876788677428876343
855576672645851483877688677248873643
855576672645851483877688677248876343
855576672645851483877688677284873643
855576672645851483877688677284876343
855657244533274478168776887675388866
855657244533278781674476887675388866
855657244533278781678768767445388866
855657244533278781678768767853886644
855657424533274478168776887675388866
855657424533278781674476887675388866
855657424533278781678768767445388866
855657424533278781678768767853886644
855657442533274478168776887675388866
855657442533278781674476887675388866
855657442533278781678768767445388866
855657442533278781678768767853886644
855733542737155846688624468877688776
855733542737155846868624468877688776
855733542737155846886624468877688776
857885348367876786542467565342188776
857885733288767556762447617445388866
857885733288767556762447617853886644
857885744367538885724728876437616665
857885744367538885742728876437616665
857885744367538885756266674134288776
857885744367538885767887244327616665
857885744367538885767887424327616665
857885744367538885767887643716665242
857885744367538885767887643716665422
857885744367538885772428876437166665
857885744367538885774228876437166665
857885744367538885776887244327166665
857885744367538885776887424327166665
857885744637538885724728876437616665
857885744637538885742728876437616665
857885744637538885756266674134288776
857885744637538885767887244327616665
857885744637538885767887424327616665
857885744637538885767887643716665242
857885744637538885767887643716665422
857885744637538885772428876437166665
857885744637538885774228876437166665
857885744637538885776887244327166665
857885744637538885776887424327166665
