857885762887337556762447617445388866
857885762887337556762447617853886644
857885783675388147243276887544766665
857885783675388147423276887544766665
857885783675388147637248872544766665
857885783675388147637428872544766665
857885783675388574424728876437616665
857885783675388574442728876437616665
857885783675388574456266674134288776
857885783675388574467887244327616665
857885783675388574467887424327616665
857885783675388574467887643716665242
857885783675388574467887643716665422
857885783675388574472428876437166665
857885783675388574474228876437166665
857885783675388574476887244327166665
857885783675388574476887424327166665
857885786375388147243276887544766665
857885786375388147423276887544766665
857885786375388147637248872544766665
857885786375388147637428872544766665
857885786375388574424728876437616665
857885786375388574442728876437616665
857885786375388574456266674134288776
857885786375388574467887244327616665
857885786375388574467887424327616665
857885786375388574467887643716665242
857885786375388574467887643716665422
857885786375388574472428876437166665
857885786375388574474228876437166665
857885786375388574476887244327166665
857885786375388574476887424327166665
858872327717483347548664576675588866
858872327717483347584664576675588866
858872327717663348754844576675588866
858872327717663348758444576675588866
858872327717663366754845487754588866
858872327717663366754845847754588866
858872327717663366758445487754588866
858872327717663366758445847754588866
858872327717663374854844576675588866
858872327717663374858444576675588866
858872327717663376654845487754588866
858872327717663376654845847754588866
858872327717663376658445487754588866
858872327717663376658445847754588866
858872327717663378454844576675588866
858872327717663378458444576675588866
858872327717663384754844576675588866
858872327717663384758444576675588866
858872327717843347548664576675588866
858872327717843347584664576675588866
858875733288767556762447617445388866
858875733288767556762447617853886644
858875744736538885724728876437616665
858875744736538885742728876437616665
858875744736538885756266674134288776
858875744736538885767887244327616665
858875744736538885767887424327616665
858875744736538885767887643716665242
858875744736538885767887643716665422
858875744736538885772428876437166665
858875744736538885774228876437166665
858875744736538885776887244327166665
858875744736538885776887424327166665
858875744763538885724728876437616665
858875744763538885742728876437616665
858875744763538885756266674134288776
858875744763538885767887244327616665
858875744763538885767887424327616665
858875744763538885767887643716665242
858875744763538885767887643716665422
858875744763538885772428876437166665
858875744763538885774228876437166665
858875744763538885776887244327166665
858875744763538885776887424327166665
858875762887337556762447617445388866
858875762887337556762447617853886644
858875787365388147243276887544766665
858875787365388147423276887544766665
858875787365388147637248872544766665
858875787365388147637428872544766665
858875787365388574424728876437616665
858875787365388574442728876437616665
858875787365388574456266674134288776
858875787365388574467887244327616665
858875787365388574467887424327616665
858875787365388574467887643716665242
858875787365388574467887643716665422
858875787365388574472428876437166665
858875787365388574474228876437166665
858875787365388574476887244327166665
858875787365388574476887424327166665
858875787635388147243276887544766665
858875787635388147423276887544766665
858875787635388147637248872544766665
858875787635388147637428872544766665
858875787635388574424728876437616665
858875787635388574442728876437616665
858875787635388574456266674134288776
