858875787635388574467887244327616665
858875787635388574467887424327616665
858875787635388574467887643716665242
858875787635388574467887643716665422
858875787635388574472428876437166665
858875787635388574474228876437166665
858875787635388574476887244327166665
858875787635388574476887424327166665
862445725553374478168776887675388866
862445725553378781674476887675388866
862445725553378781678768767445388866
862445725553378781678768767853886644
863388664488677655655223881744587777
863388664488677655655223881785777744
863388664488677655675237717445288875
863667358878554776742327761655488884
863667358878554776742327761655848884
863667358878554776742327761655884884
863667358878554776742327761655888484
863667358878554776742327761655888844
863748342761557677726454885387588866
863748342761557688526455438886687777
863784342761557677726454885387588866
863784342761557688526455438886687777
864245725553374478168776887675388866
864245725553378781674476887675388866
864245725553378781678768767445388866
864245725553378781678768767853886644
864425725553374478168776887675388866
864425725553378781674476887675388866
864425725553378781678768767445388866
864425725553378781678768767853886644
864433446886865522831787687655587777
864433868684465522831787687655587777
864433868688655223178447687655587777
864433868688655223178876765554487777
864433868688655223178876765558777744
864444688668552233831787687655587777
864464488633865522831787687655587777
864464488668552233831787687655587777
864468833644868225513786787655587777
864468833688622551374486787655587777
864468833688622551378867764455587777
864468833688622551378867768555777744
864468863384465522831787687655587777
864468863388655223178447687655587777
864468863388655223178876765554487777
864468863388655223178876765558777744
864468866448833225513786787655587777
864468866844552233831787687655587777
864468866883322551374486787655587777
864468866883322551378867764455587777
864468866883322551378867768555777744
864468866885522333178447687655587777
864468866885522333178876765554487777
864468866885522333178876765558777744
864477866844877683322558137867876555
864477866887768443322558137867876555
864477866887768833225513784467876555
864477866887768833225513788677655544
864477866887768854478356733221876555
864477866887768854478867765553533122
864477866887768858735673322441876555
864477866887768858786774465553533122
864486866844552233831787687655587777
865557244533274478168776887675388866
865557244533278781674476887675388866
865557244533278781678768767445388866
865557244533278781678768767853886644
865557424533274478168776887675388866
865557424533278781674476887675388866
865557424533278781678768767445388866
865557424533278781678768767853886644
865557442533274478168776887675388866
865557442533278781674476887675388866
865557442533278781678768767445388866
865557442533278781678768767853886644
865557744625447387687158886633288776
865557744625447387687158886662887733
865557744625873768447158886633288776
865557744625873768447158886662887733
865557744625873768871588664433288776
865557744625873768871588664462887733
865557744625873768871588668332877644
865557744625873768871588668628774433
865557744674488677851268277533388866
865557744678867744851268277533388866
865557744678867788512627744533388866
865557744678867788512627785333886644
865557786744844523372716887675388866
865557786744844526727183387675388866
865557786744844526727186877533388866
865557786744867447851268277533388866
865557786744867875126824477533388866
865557786784452337244716887675388866
865557786784452337287168767445388866
865557786784452337287168767853886644
865557786784452672447183387675388866
865557786784452672447186877533388866
865557786784452672871833767445388866
