865557786784452672871833767853886644
865557786784452672871867744533388866
865557786784452672871867785333886644
865557786786744744851268277533388866
865557786786744788512627744533388866
865557786786744788512627785333886644
865557786786787445126824477533388866
865557786786787851262447744533388866
865557786786787851262447785333886644
866367358878554776742327761655488884
866367358878554776742327761655848884
866367358878554776742327761655884884
866367358878554776742327761655888484
866367358878554776742327761655888844
866444488668552233831787687655587777
866448445785565881773362777725388866
866448445785565881776277733725388866
866448445785565881776788672832773653
866448445785565881776788672832776353
866448833644868225513786787655587777
866448833688622551374486787655587777
866448833688622551378867764455587777
866448833688622551378867768555777744
866448866448833225513786787655587777
866448866844552233831787687655587777
866448866883322551374486787655587777
866448866883322551378867764455587777
866448866883322551378867768555777744
866448866885522333178447687655587777
866448866885522333178876765554487777
866448866885522333178876765558777744
866484445785565881773362777725388866
866484445785565881776277733725388866
866484445785565881776788672832773653
866484445785565881776788672832776353
866637358878554776742327761655488884
866637358878554776742327761655848884
866637358878554776742327761655884884
866637358878554776742327761655888484
866637358878554776742327761655888844
866754423561558758873643488727688776
866754423561558758874363488277688776
866754423561558758874633488277688776
866754423561558758876343488727688776
866754423561558758876788677428873643
866754423561558758876788677428876343
866754423561558758877688677248873643
866754423561558758877688677248876343
866754423561558758877688677284873643
866754423561558758877688677284876343
866754423561558758877688677288473643
866754423561558758877688677288476343
866844445785565881773362777725388866
866844445785565881776277733725388866
866844445785565881776788672832773653
866844445785565881776788672832776353
866844866448332255813786787655587777
866844866844552233831787687655587777
866882286635831477738758854654777654
866882286635831477738758856454777654
866882286653831477738758854654777654
866882286653831477738758856454777654
866882557388445787776155337768826644
866882557388445787776155446633288776
866882557388445787776155446662887733
866882557388445787776155664423388776
866882557388445787776155664426887733
866882557388445787776155677883326644
866882557388445787776155773368866244
866882557388445787776155776883366244
866882557388857777446155337768826644
866882557388857777446155446633288776
866882557388857777446155446662887733
866882557388857777446155664423388776
866882557388857777446155664426887733
866882557388857777446155677883326644
866882557388857777446155773368866244
866882557388857777446155776883366244
866883364444868225513786787655587777
866883368448622551374486787655587777
866883368448622551378867764455587777
866883368448622551378867768555777744
866884883674358878554776742327761655
866884886374358878554776742327761655
866885744553356822581366448877687777
866885744556544881773362777725388866
866885744556544881776277733725388866
866885744556544881776788672832773653
866885744556544881776788672832776353
866885744556582258331366448877687777
866885744556582258613644833877687777
866885744556582258613644868773387777
866885785475448167335462777725388866
866885785475448167654277733725388866
866885785475448167654788672832773653
866885785475448167654788672832776353
866885785475484167335462777725388866
866885785475484167654277733725388866
866885785475484167654788672832773653
866885785475484167654788672832776353
