866885785533562258134466448877687777
866885785533562258138664487764487777
866885785533562258138664487768777744
866885785565225833134466448877687777
866885785565225833138664487764487777
866885785565225833138664487768777744
866885785565225861344644833877687777
866885785565225861344644868773387777
866885785565225861386443387764487777
866885785565225861386443387768777744
866885785565225861386446877443387777
866885785565225861386446877833777744
866885785565448177334462777725388866
866885785565448177644277733725388866
866885785565448177644788672832773653
866885785565448177644788672832776353
866885785565484177334462777725388866
866885785565484177644277733725388866
866885785565484177644788672832773653
866885785565484177644788672832776353
866885785565844177334462777725388866
866885785565844177644277733725388866
866885785565844177644788672832773653
866885785565844177644788672832776353
866885785565881736434457772643288776
866885785565881736434775472642388776
866885785565881736434788726437277654
866885785565881736434887726347772654
866885785565881743634457727643288776
866885785565881743634775427642388776
866885785565881743634788276437277654
866885785565881743634887276347772654
866885785565881746334457727643288776
866885785565881746334775427642388776
866885785565881746334788276437277654
866885785565881746334887276347772654
866885785565881763434457772643288776
866885785565881763434775472642388776
866885785565881763434788726437277654
866885785565881763434887726347772654
866885785565881767457767432428873643
866885785565881767457767432428876343
866885785565881767775467423428873643
866885785565881767775467423428876343
866885785565881767788674243277365443
866885785565881767788674243277635443
866885785565881767887674234772365443
866885785565881767887674234772635443
866885785565881773362777725344886644
866885785565881773362777725348486644
866885785565881773362777725348846644
866885785565881773362777725384486644
866885785565881773362777725384846644
866885785565881773362777725388446644
866885785565881776277733725344886644
866885785565881776277733725348486644
866885785565881776277733725348846644
866885785565881776277733725384486644
866885785565881776277733725384846644
866885785565881776277733725388446644
866885785565881776457767432248873643
866885785565881776457767432248876343
866885785565881776744867442832773653
866885785565881776744867442832776353
866885785565881776748467442832773653
866885785565881776748467442832776353
866885785565881776775467423248873643
866885785565881776775467423248876343
866885785565881776775467423284873643
866885785565881776775467423284876343
866885785565881776775467423288473643
866885785565881776775467423288476343
866885785565881776784467442832773653
866885785565881776784467442832776353
866885785565881776788672443277365443
866885785565881776788672443277635443
866885785565881776887672434772365443
866885785565881776887672434772635443
866885785655481477334462777725388866
866885785655481477644277733725388866
866885785655481477644788672832773653
866885785655481477644788672832776353
866885785655841477334462777725388866
866885785655841477644277733725388866
866885785655841477644788672832773653
866885785655841477644788672832776353
866885785745448617335462777725388866
866885785745448617654277733725388866
866885785745448617654788672832773653
866885785745448617654788672832776353
866885785745484617335462777725388866
866885785745484617654277733725388866
866885785745484617654788672832773653
866885785745484617654788672832776353
866885788854336457743472725566881776
866885788854343657743472275566881776
866885788854346357743472275566881776
866885788854363457743472725566881776
866885788854367577472675564288173643
866885788854367577472675564288176343
