866885788854376577472675474288361653
866885788854376577472675474288631653
866885788854376577472675562488173643
866885788854376577472675562488176343
866885788854376577472675562848173643
866885788854376577472675562848176343
866885788854376577472675562884173643
866885788854376577472675562884176343
866885788854376577472675652881473643
866885788854376577472675652881476343
866885788854376577472675744288366153
866885788854376577472675744288636153
866885788857364556344327172756488776
866885788857436556344327127756488776
866885788857463556344327127756488776
866885788857634556344327172756488776
866885788857675564327167754428873643
866885788857675564327167754428876343
866885788857765564327167754248873643
866885788857765564327167754248876343
866885788857765564327167754284873643
866885788857765564327167754284876343
866885788857765564327167754288473643
866885788857765564327167754288476343
866886334488677655655223881744587777
866886334488677655655223881785777744
866886334488677655675237717445288875
866886644448833225513786787655587777
866886644844332255813786787655587777
866886644883322551378446787655587777
866886644883322551378867765554487777
866886644883322551378867765558777744
866886644887733655655223881744587777
866886644887733655655223881785777744
866886644887733655675237717445288875
866886644887765563355223881744587777
866886644887765563355223881785777744
866886644887765563375237717445288875
866886684444552233831787687655587777
866886684483322551374486787655587777
866886684483322551378867764455587777
866886684483322551378867768555777744
866886684485522333178447687655587777
866886684485522333178876765554487777
866886684485522333178876765558777744
866887544333764485228717687867876555
866887544333768852271764487867876555
866887544333768852271768876744876555
866887544333786877615284427867876555
866887544367447133265576788675288875
866887544367447162655733788672588875
866887544367447162655758887523388776
866887544367447162655758887526887733
866887544367447162655767887332588875
866887544367447162655773388675288875
866887544367447162655776887335288875
866887544367447162655785887533288776
866887544367447162655785887562887733
866887544367887337615284427867876555
866887544367887671528443327867876555
866887544367887678876715244338276555
866887544367887678876715244682755533
866887544367887678876715332448276555
866887544367887678876715334248276555
866887544367887678876715334428276555
866887544367887678876715335587652442
866887544367887678876715335587654242
866887544367887678876715335587654422
866887544367887678876715424338276555
866887544367887678876715424682755533
866887544367887678876715442338276555
866887544367887678876715442682755533
866887544367887678876715553387652442
866887544367887678876715553387654242
866887544367887678876715553387654422
866887544367887678876715556875244332
866887544367887678876715556875424332
866887544367887678876715556875442332
866887544367887678876715624482755533
866887544367887678876715642482755533
866887544367887678876715644282755533
866887544367887678876715655875244332
866887544367887678876715655875424332
866887544367887678876715655875442332
866887544376447133267556788675288875
866887544376447162675533788672588875
866887544376447162675558887523388776
866887544376447162675558887526887733
866887544376447162675567887332588875
866887544376447162675573388675288875
866887544376447162675576887335288875
866887544376447162675585887533288776
866887544376447162675585887562887733
866887583337644522874417687867876555
866887583337644522878176784467876555
866887583337644522878176786447876555
866887583337644522878176786877655544
866887583337644522878176788677655544
866887583337685227441764487867876555
866887583337685227441768876744876555
