866887583337685227817644784467876555
866887583337685227817644786447876555
866887583337685227817644786877655544
866887583337685227817644788677655544
866887583337685227817687446744876555
866887583337685227817687644744876555
866887583337685227817687687447655544
866887583337685227817687867447655544
866887583337867744615284427867876555
866887583337867786152442784467876555
866887583337867786152442786447876555
866887583337867786152442786877655544
866887583337867786152442788677655544
866887583674452655733276887445887176
866887583674452655733276887544881776
866887583674452655733276887678875144
866887583674452655733276887768871544
866887583674452655762788337445887176
866887583674452655762788337544881776
866887583674452655762788337678875144
866887583674452655762788337768871544
866887583674452655762788677338875144
866887583678733744615284427867876555
866887583678733786152442784467876555
866887583678733786152442786447876555
866887583678733786152442786877655544
866887583678733786152442788677655544
866887583678767441528443327867876555
866887583678767448876715244338276555
866887583678767448876715244682755533
866887583678767448876715332448276555
866887583678767448876715334248276555
866887583678767448876715334428276555
866887583678767448876715335587652442
866887583678767448876715335587654242
866887583678767448876715335587654422
866887583678767448876715424338276555
866887583678767448876715424682755533
866887583678767448876715442338276555
866887583678767448876715442682755533
866887583678767448876715553387652442
866887583678767448876715553387654242
866887583678767448876715553387654422
866887583678767448876715556875244332
866887583678767448876715556875424332
866887583678767448876715556875442332
866887583678767448876715624482755533
866887583678767448876715642482755533
866887583678767448876715644282755533
866887583678767448876715655875244332
866887583678767448876715655875424332
866887583678767448876715655875442332
866887583678767815244332784467876555
866887583678767815244332786447876555
866887583678767815244332786877655544
866887583678767815244332788677655544
866887583678767887674415244338276555
866887583678767887674415244682755533
866887583678767887674415332448276555
866887583678767887674415334248276555
866887583678767887674415334428276555
866887583678767887674415335587652442
866887583678767887674415335587654242
866887583678767887674415335587654422
866887583678767887674415424338276555
866887583678767887674415424682755533
866887583678767887674415442338276555
866887583678767887674415442682755533
866887583678767887674415553387652442
866887583678767887674415553387654242
866887583678767887674415553387654422
866887583678767887674415556875244332
866887583678767887674415556875424332
866887583678767887674415556875442332
866887583678767887674415624482755533
866887583678767887674415642482755533
866887583678767887674415644282755533
866887583678767887674415655875244332
866887583678767887674415655875424332
866887583678767887674415655875442332
866887583678767887678152443327655544
866887583678767887678152446275554433
866887583678767887678153324427655544
866887583678767887678153342427655544
866887583678767887678153344227655544
866887583678767887678153355765442442
866887583678767887678153355765444242
866887583678767887678153355765444422
866887583678767887678154243327655544
866887583678767887678154246275554433
866887583678767887678154423327655544
866887583678767887678154426275554433
866887583678767887678155533765244442
866887583678767887678155533765424442
866887583678767887678155533765442442
866887583678767887678155533765444242
866887583678767887678155533765444422
866887583678767887678155567524444332
866887583678767887678155567542444332
866887583678767887678155567544244332
