866887583678767887678155567544424332
866887583678767887678155567544442332
866887583678767887678156244275554433
866887583678767887678156424275554433
866887583678767887678156442275554433
866887583678767887678156557544244332
866887583678767887678156557544424332
866887583678767887678156557544442332
866887583764452675533276887445887176
866887583764452675533276887544881776
866887583764452675533276887678875144
866887583764452675533276887768871544
866887583764452675562788337445887176
866887583764452675562788337544881776
866887583764452675562788337678875144
866887583764452675562788337768871544
866887583764452675562788677338875144
866887588853465777472636683481772554
866887588853465777472636683841772554
866887588853465777472657474882361653
866887588853465777472657474882631653
866887588853465777472657568824173643
866887588853465777472657568824176343
866887588853465777472657658821473643
866887588853465777472657658821476343
866887588853465777472657744882366153
866887588853465777472657744882636153
866887588853465777472657744882663153
866887588853465777472663683481772554
866887588853465777472663683841772554
866887588853465777472665574818273643
866887588853465777472665574818276343
866887588853465777472665578418273643
866887588853465777472665578418276343
866887588853465777472666383481772554
866887588853465777472666383841772554
866887588853465777472667554812873643
866887588853465777472667554812876343
866887588853465777472667558412873643
866887588853465777472667558412876343
866887588853465777472668363481727554
866887588853465777472668363841727554
866887588853465777472668633481727554
866887588853465777472668633841727554
866888228677773658314388565454777654
866888228677776358314388565454777654
866888483674358878554776742327761655
866888486374358878554776742327761655
867447445187885258677386556623388776
867447445187885258677386556626887733
867447535182448758867786556623388776
867447535182448758867786556626887733
867447535182887584467786556623388776
867447535182887584467786556626887733
867447535182887588677655337768826644
867447535182887588677655446633288776
867447535182887588677655446662887733
867447535182887588677655664423388776
867447535182887588677655664426887733
867447535182887588677655677883326644
867447535182887588677655773368866244
867447535182887588677655776883366244
867447851878544258677386556623388776
867447851878544258677386556626887733
867555876762287867783337551444488866
867555876762287867783337551466888444
867555876762287867785147533344488866
867555876762287867785147533366888444
867744355188287588677655337768826644
867744355188287588677655446633288776
867744355188287588677655446662887733
867744355188287588677655664423388776
867744355188287588677655664426887733
867744355188287588677655677883326644
867744355188287588677655773368866244
867744355188287588677655776883366244
867744356555244788767158886633288776
867744356555244788767158886662887733
867744356555287876447158886633288776
867744356555287876447158886662887733
867744356555287876871588664433288776
867744356555287876871588664462887733
867744356555287876871588668332877644
867744356555287876871588668628774433
867744445178885787687675326528836653
867744445178885787687675326528863653
867744445187885786782236553656388776
867744445187885786782236556356388776
867744833266888578716786555258773644
867744851788544787687675326528836653
867744851788544787687675326528863653
867744851788587876447675326528836653
867744851788587876447675326528863653
867744851878544786782236553656388776
867744851878544786782236556356388776
867744851878587867442236553656388776
867744851878587867442236556356388776
867744866844778683322558137867876555
867783326644888578716876735442876555
867783326684488578716786555258773644
