867783326688857448716876735442876555
867783326688857844716786555258773644
867783326688857887167446735442876555
867783326688857887167644735442876555
867783326688857887167655544258773644
867783326688857887167655582577364444
867783326688857887167687354427655544
867783326688857887167867354427655544
867785144788544786782236553656388776
867785144788544786782236556356388776
867785144788587678442236553656388776
867785144788587678442236556356388776
867785148382655467553643488727688776
867785148382655467554363488277688776
867785148382655467554633488277688776
867785148382655467556343488727688776
867785148382655467556788677428873643
867785148382655467556788677428876343
867785148382655467557688677248873643
867785148382655467557688677248876343
867785174488544787687675326528836653
867785174488544787687675326528863653
867785174488587768447675326528836653
867785174488587768447675326528863653
867785178448544787687675326528836653
867785178448544787687675326528863653
867785178844544787687675326528836653
867785178844544787687675326528863653
867785178844587876447675326528836653
867785178844587876447675326528863653
867785178885744768447675326528836653
867785178885744768447675326528863653
867785178885783648347725362654876654
867785178885783648347725362658476654
867785178885784368347275362654876654
867785178885784368347275362658476654
867785178885784638347275362654876654
867785178885784638347275362658476654
867785178885786348347725362654876654
867785178885786348347725362658476654
867785178885786787675326542483665443
867785178885786787675326542486365443
867785178885786787675326542843665443
867785178885786787675326542846365443
867785178885787644447675326528836653
867785178885787644447675326528863653
867785178885787687675326524483665443
867785178885787687675326524486365443
867785178885787687675326524843665443
867785178885787687675326524846365443
867785178885787687675326528443665443
867785178885787687675326528446365443
867785184382655467553643488727688776
867785184382655467554363488277688776
867785184382655467554633488277688776
867785184382655467556343488727688776
867785184382655467556788677428873643
867785184382655467556788677428876343
867785184382655467557688677248873643
867785184382655467557688677248876343
867785187448544786782236553656388776
867785187448544786782236556356388776
867785187844544786782236553656388776
867785187844544786782236556356388776
867785187844587867442236553656388776
867785187844587867442236556356388776
867785187885528673744655337768826644
867785187885528673744655446633288776
867785187885528673744655446662887733
867785187885528673744655664423388776
867785187885528673744655664426887733
867785187885528673744655677883326644
867785187885528673744655773368866244
867785187885528673744655776883366244
867785187885744678442236553656388776
867785187885744678442236556356388776
867785187885783648344372865647276655
867785187885784368344327865647276655
867785187885784638344327865647276655
867785187885786348344372865647276655
867785187885786744442236553656388776
867785187885786744442236556356388776
867785187885786782236553656344877644
867785187885786782236553656348477644
867785187885786782236553656384477644
867785187885786782236556356344877644
867785187885786782236556356348477644
867785187885786782236556356384477644
867785187885786784367856442273665543
867785187885786784367856442276365543
867785187885787684367856424273665543
867785187885787684367856424276365543
867786684444778683322558137867876555
867786684487768443322558137867876555
867786684487768833225513786744876555
867786684487768833225513786787655544
867786833448677877686886422735515554
867786833826446778866887742375555514
867786833886688776482267744375555514
867786833886688776484677422375555514
