867786833886688776486227744375555514
867786833886688776486477422375555514
867786833886688776842267744375555514
867786833886688776844677422375555514
867786833886688776846227744375555514
867786833886688776846477422375555514
867786864487733877686886422735515554
867786868863388776482267744375555514
867786868863388776484677422375555514
867786868863388776486227744375555514
867786868863388776486477422375555514
867786868863388776842267744375555514
867786868863388776844677422375555514
867786868863388776846227744375555514
867786868863388776846477422375555514
867872473473624413566667588857588875
867872473473624413588875566667588875
867872473473624413588875576666588875
867872473473624413588875578885766665
867872473473624413588875588875766665
867875144788445788767637562528863653
867875144788445788767637562528866353
867875144788544258677386556623388776
867875144788544258677386556626887733
867875144788582567734486556623388776
867875144788582567734486556626887733
867875144788857876447637562528863653
867875144788857876447637562528866353
867875187448544258677386556623388776
867875187448544258677386556626887733
867875187844544258677386556623388776
867875187844544258677386556626887733
867875187885254467734486556623388776
867875187885254467734486556626887733
867875187885258677344655337768826644
867875187885258677344655446633288776
867875187885258677344655446662887733
867875187885258677344655664423388776
867875187885258677344655664426887733
867875187885258677344655677883326644
867875187885258677344655773368866244
867875187885258677344655776883366244
867875187885258677386556623344877644
867875187885258677386556623348477644
867875187885258677386556623384477644
867875187885258677386556626448774433
867875187885258677386556626484774433
867875187885258677386556626844774433
868334468684226455831787687655587777
868334468684465522831787687655587777
868338668422446455831787687655587777
868338668422864553178447687655587777
868338668422864553178876765554487777
868338668422864553178876765558777744
868338668444465522831787687655587777
868338668448655223178447687655587777
868338668448655223178876765554487777
868338668448655223178876765558777744
868446866842245533831787687655587777
868446866844552233831787687655587777
868644863384226455831787687655587777
868644863384465522831787687655587777
868644866842245533831787687655587777
868644866844552233831787687655587777
868683364422486485513786787655587777
868683364444868225513786787655587777
868683368224864551374486787655587777
868683368224864551378867764455587777
868683368224864551378867768555777744
868683368448622551374486787655587777
868683368448622551378867764455587777
868683368448622551378867768555777744
868686338422446455831787687655587777
868686338422864553178447687655587777
868686338422864553178876765554487777
868686338422864553178876765558777744
868686338444465522831787687655587777
868686338448655223178447687655587777
868686338448655223178876765554487777
868686338448655223178876765558777744
868686644224848335513786787655587777
868686644448833225513786787655587777
868686682248433551374486787655587777
868686682248433551378867764455587777
868686682248433551378867768555777744
868686684224445533831787687655587777
868686684228455333178447687655587777
868686684228455333178876765554487777
868686684228455333178876765558777744
868686684444552233831787687655587777
868686684483322551374486787655587777
868686684483322551378867764455587777
868686684483322551378867768555777744
868686684485522333178447687655587777
868686684485522333178876765554487777
868686684485522333178876765558777744
868773344644865381522655758886687777
868773344688653152264455758886687777
868773344688653152268557588664487777
868773344688653152268557588668777744
