868776338448668868642273855174777555
868776338448677877686886422735515554
868776338886684226864473855174777555
868776338886686224846473815574777555
868776338886686228446473815574777555
868776338886688776482267744375555514
868776338886688776484677422375555514
868776338886688776486227744375555514
868776338886688776486477422375555514
868776338886688776842267744375555514
868776338886688776844677422375555514
868776338886688776846227744375555514
868776338886688776846477422375555514
868776446448538331522655758886687777
868776446448538615225573358886687777
868776446885333152264455758886687777
868776446885333152268557588664487777
868776446885333152268557588668777744
868776446885361522445573358886687777
868776446885361522855733588664487777
868776446885361522855733588668777744
868776684444877683322558137867876555
868776684486833868642273855174777555
868776684487733877686886422735515554
868776688447768443322558137867876555
868776688447768833225513784467876555
868776688447768833225513788677655544
868776688447768854478356733221876555
868776688447768854478867765553533122
868776688447768858735673322441876555
868776688447768858786774465553533122
868776688863384226864473855174777555
868776688863386224846473815574777555
868776688863386228446473815574777555
868776688863388776482267744375555514
868776688863388776484677422375555514
868776688863388776486227744375555514
868776688863388776486477422375555514
868776688863388776842267744375555514
868776688863388776844677422375555514
868776688863388776846227744375555514
868776688863388776846477422375555514
868776778864468866285337552487375514
868776778864468866285547713874255533
868776778864468866285553372487731554
868776778864468866285573354287371554
868776778864468866287335554283775514
868776778864468866287455731874552533
868776778864468866287554713847525533
868776778864468866287745531847555233
868833664488677665555223188744587777
868833664488677665555223188785777744
868866334488677665555223188744587777
868866334488677665555223188785777744
868866644887733665555223188744587777
868866644887733665555223188785777744
868866644887766553355223188744587777
868866644887766553355223188785777744
868866684224445533831787687655587777
868866684444552233831787687655587777
873355542368551846688626448877687777
873355542377551846688624468877688776
873355542377551846868624468877688776
873355542377551846886624468877688776
873355542386551846688626448877687777
874458716788445788763226365565388776
874458716788445788763226635565388776
874458716788857876443226365565388776
874458716788857876443226635565388776
874476536525544776887158886633288776
874476536525544776887158886662887733
874476536525587588717688337768826644
874476536525587588717688446633288776
874476536525587588717688446662887733
874476536525587588717688664423388776
874476536525587588717688664426887733
874476536525587588717688677883326644
874476536525587588717688773368866244
874476536525587588717688776883366244
874557317455258336688624468877688776
874557317455258336868624468877688776
874557317455258336886624468877688776
874836342778867768858346571468726555
874863342778867768858346571468726555
875244332655574418768767887673588866
875244332655578187674467887673588866
875244332655578187678678767443588866
875244332655578187678678767835886644
875244625553374418768767887673588866
875244625553378187674467887673588866
875244625553378187678678767443588866
875244625553378187678678767835886644
875332442655574418768767887673588866
875332442655578187674467887673588866
875332442655578187678678767443588866
875332442655578187678678767835886644
875334242655574418768767887673588866
875334242655578187674467887673588866
875334242655578187678678767443588866
875334242655578187678678767835886644
