875334422655574418768767887673588866
875334422655578187674467887673588866
875334422655578187678678767443588866
875334422655578187678678767835886644
875335565244724418768767887673588866
875335565244728187674467887673588866
875335565244728187678678767443588866
875335565244728187678678767835886644
875335565424724418768767887673588866
875335565424728187674467887673588866
875335565424728187678678767443588866
875335565424728187678678767835886644
875335565442724418768767887673588866
875335565442728187674467887673588866
875335565442728187678678767443588866
875335565442728187678678767835886644
875424332655574418768767887673588866
875424332655578187674467887673588866
875424332655578187678678767443588866
875424332655578187678678767835886644
875424625553374418768767887673588866
875424625553378187674467887673588866
875424625553378187678678767443588866
875424625553378187678678767835886644
875442332655574418768767887673588866
875442332655578187674467887673588866
875442332655578187678678767443588866
875442332655578187678678767835886644
875442625553374418768767887673588866
875442625553378187674467887673588866
875442625553378187678678767443588866
875442625553378187678678767835886644
875444415553378687676278287673588866
875444415556788733676278287673588866
875448176788445788763226365565388776
875448176788445788763226635565388776
875448176788857876443226365565388776
875448176788857876443226635565388776
875547134752558336688624468877688776
875547134752558336868624468877688776
875547134752558336886624468877688776
875553365244724418768767887673588866
875553365244728187674467887673588866
875553365244728187678678767443588866
875553365244728187678678767835886644
875553365424724418768767887673588866
875553365424728187674467887673588866
875553365424728187678678767443588866
875553365424728187678678767835886644
875553365442724418768767887673588866
875553365442728187674467887673588866
875553365442728187678678767443588866
875553365442728187678678767835886644
875556447613352283758844668886687777
875556447613352283758864468886687777
875556447613352283758866448886687777
875556447613352283758866888664487777
875556447613352283758867788644688776
875556447613352283758867788664488776
875556447613352283758867788668877644
875556447613352283758867788686877644
875556447613352283758868688664487777
875556447613352283758886688664487777
875556447652443788677518886623388776
875556447652443788677518886626887733
875556447652447376887158886633288776
875556447652447376887158886662887733
875556447652837867447518886623388776
875556447652837867447518886626887733
875556447652837867875188664423388776
875556447652837867875188664426887733
875556447652837867875188668233877644
875556447652837867875188668268774433
875556447652873588717688337768826644
875556447652873588717688446633288776
875556447652873588717688446662887733
875556447652873588717688664423388776
875556447652873588717688664426887733
875556447652873588717688677883326644
875556447652873588717688773368866244
875556447652873588717688776883366244
875556447674488767815628727333588866
875556447678858435346613228886687777
875556447678858786783223616544388776
875556447678858786783223616583877644
875556447678858786783226316544388776
875556447678858786783226316583877644
875556447678876744815628727333588866
875556447678876788156272744333588866
875556447678876788156272783335886644
875556524433724418768767887673588866
875556524433728187674467887673588866
875556524433728187678678767443588866
875556524433728187678678767835886644
875556542433724418768767887673588866
875556542433728187674467887673588866
875556542433728187678678767443588866
875556542433728187678678767835886644
875556544233724418768767887673588866
875556544233728187674467887673588866
