875556544233728187678678767443588866
875556544233728187678678767835886644
875556876133522375884444668886687777
875556876133522375884464468886687777
875556876133522375884466448886687777
875556876133522375884466888664487777
875556876133522375884467788644688776
875556876133522375884467788664488776
875556876133522375884467788668877644
875556876133522375884467788686877644
875556876133522375884468688664487777
875556876133522375884486688664487777
875556876744854433272617887673588866
875556876744854462721783387673588866
875556876744854462721786877333588866
875556876744876447815628727333588866
875556876744876871562874427333588866
875556876785443327244617887673588866
875556876785443327286178767443588866
875556876785443327286178767835886644
875556876785446272441783387673588866
875556876785446272441786877333588866
875556876785446272817833767443588866
875556876785446272817833767835886644
875556876785446272817867744333588866
875556876785446272817867783335886644
875556876785844435346613228886687777
875556876785844786783223616544388776
875556876785844786783223616583877644
875556876785844786783226316544388776
875556876785844786783226316583877644
875556876787644744815628727333588866
875556876787644788156272744333588866
875556876787644788156272783335886644
875556876787687441562874427333588866
875556876787687815627442744333588866
875556876787687815627442783335886644
875624425553374418768767887673588866
875624425553378187674467887673588866
875624425553378187678678767443588866
875624425553378187678678767835886644
875642425553374418768767887673588866
875642425553378187674467887673588866
875642425553378187678678767443588866
875642425553378187678678767835886644
875644225553374418768767887673588866
875644225553378187674467887673588866
875644225553378187678678767443588866
875644225553378187678678767835886644
875655524433724418768767887673588866
875655524433728187674467887673588866
875655524433728187678678767443588866
875655524433728187678678767835886644
875655542433724418768767887673588866
875655542433728187674467887673588866
875655542433728187678678767443588866
875655542433728187678678767835886644
875655544233724418768767887673588866
875655544233728187674467887673588866
875655544233728187678678767443588866
875655544233728187678678767835886644
876447441587885788767637562528863653
876447441587885788767637562528866353
876447815878544788767637562528863653
876447815878544788767637562528866353
876555786744835583312244668886687777
876555786744835583312264468886687777
876555786744835583312266448886687777
876555786744835583312266888664487777
876555786744835583312268688664487777
876555786744835583312277688644688776
876555786744835583312277688664488776
876555786744835583312277688668877644
876555786744835583312277688686877644
876555786744835583312286688664487777
876555786744835583314646228886687777
876555786744835586122446833886687777
876555786744835586122446868863387777
876555786744835586122644833886687777
876555786744835586122644868863387777
876555786744835586122688338664487777
876555786744835586122688686443387777
876555786744835586122868338664487777
876555786744835586122868686443387777
876555786744835586144622833886687777
876555786744835586144622868863387777
876555786783558331224444668886687777
876555786783558331224464468886687777
876555786783558331224466448886687777
876555786783558331224466888664487777
876555786783558331224468688664487777
876555786783558331224477688644688776
876555786783558331224477688664488776
876555786783558331224477688668877644
876555786783558331224477688686877644
876555786783558331224486688664487777
876555786783558331228446688664487777
876555786783558331228446688668777744
876555786783558331228644688664487777
876555786783558331228644688668777744
