876555786783558331228664488664487777
876555786783558331228664488668777744
876555786783558331228668866444487777
876555786783558331228668866844777744
876555786783558331228686866444487777
876555786783558331228686866844777744
876555786783558331228776864444688776
876555786783558331228776864464488776
876555786783558331228776864468877644
876555786783558331228776864486877644
876555786783558331228776866444488776
876555786783558331228776866448877644
876555786783558331228776866844877644
876555786783558331228776866887764444
876555786783558331228776868446877644
876555786783558331228776868644877644
876555786783558331228776868687764444
876555786783558331228776868867764444
876555786783558331228866866444487777
876555786783558331228866866844777744
876555786783558331444646228886687777
876555786783558331486462288664487777
876555786783558331486462288668777744
876555786783558612244446833886687777
876555786783558612244446868863387777
876555786783558612244644833886687777
876555786783558612244644868863387777
876555786783558612244688338664487777
876555786783558612244688686443387777
876555786783558612244868338664487777
876555786783558612244868686443387777
876555786783558612284463388664487777
876555786783558612284463388668777744
876555786783558612284466886443387777
876555786783558612284466886833777744
876555786783558612286443388664487777
876555786783558612286443388668777744
876555786783558612286446886443387777
876555786783558612286446886833777744
876555786783558612286833866444487777
876555786783558612286833866844777744
876555786783558612286868644443387777
876555786783558612286868684433777744
876555786783558612288633866444487777
876555786783558612288633866844777744
876555786783558612288668644443387777
876555786783558612288668684433777744
876555786783558614444622833886687777
876555786783558614444622868863387777
876555786783558614846223388664487777
876555786783558614846223388668777744
876555786783558614846226886443387777
876555786783558614846226886833777744
876781544788544786782236553656388776
876781544788544786782236556356388776
876781544788587678442236553656388776
876781544788587678442236556356388776
876785174488445788763226365565388776
876785174488445788763226635565388776
876785174488857876443226365565388776
876785174488857876443226635565388776
876871544788445788767637562528863653
876871544788445788767637562528866353
876871544788544258677386556623388776
876871544788544258677386556626887733
876871544788582567734486556623388776
876871544788582567734486556626887733
876871544788857876447637562528863653
876871544788857876447637562528866353
876871587448544788767637562528863653
876871587448544788767637562528866353
876871587448587876447637562528863653
876871587448587876447637562528866353
876871587448587876537673355628866244
876871587448587876537676552883366244
876871587844544788767637562528863653
876871587844544788767637562528866353
876871587885744876447637562528863653
876871587885744876447637562528866353
876871587885784476447637562528863653
876871587885784476447637562528866353
876871587885784476537673355628866244
876871587885784476537676552883366244
876871587885788767637562524486365443
876871587885788767637562524486635443
876871587885788767637562524846365443
876871587885788767637562524846635443
876871587885788767637562528446365443
876871587885788767637562528446635443
877334468662888758176785376244876555
877338666244888758176875556528377644
877338666284488758176785376244876555
877338666288875448176875556528377644
877338666288875844176785376244876555
877338666288875881767445556528377644
877338666288875881767537446244876555
877338666288875881767537644244876555
877338666288875881767537682447655544
877338666288875881767537862447655544
877338666288875881767855565237764444
