877446863388677877868866224375551554
877446866887733877868866224375551554
877446868644877685522338317876876555
877446868687768445522338317876876555
877446868687768855223331784476876555
877446868687768855223331788767655544
877455314755528336688624468877688776
877455314755528336868624468877688776
877455314755528336886624468877688776
877644441578885788763226365565388776
877644441578885788763226635565388776
877644441587885788677635762588263653
877644441587885788677635762588266353
877644815788544788763226365565388776
877644815788544788763226635565388776
877644815878544788677635762588263653
877644815878544788677635762588266353
877644833662888758176785376244876555
877644863388677877868866224375551554
877644866887733877868866224375551554
877644868644877685522338317876876555
877644868687768445522338317876876555
877644868687768855223331784476876555
877644868687768855223331788767655544
877681534862854565573643884772688776
877681534862854565574363884727688776
877681534862854565574633884727688776
877681534862854565576343884772688776
877681534862854565576788767884273643
877681534862854565576788767884276343
877681534862854565577688767882473643
877681534862854565577688767882476343
877681538462854565573643884772688776
877681538462854565574363884727688776
877681538462854565574633884727688776
877681538462854565576343884772688776
877681538462854565576788767884273643
877681538462854565576788767884276343
877681538462854565577688767882473643
877681538462854565577688767882476343
877681544788445788677635762588263653
877681544788445788677635762588266353
877681544788857867447635762588263653
877681544788857867447635762588266353
877681574488445788763226365565388776
877681574488445788763226635565388776
877681574488857876443226365565388776
877681574488857876443226635565388776
877681578448544788763226365565388776
877681578448544788763226635565388776
877681578448587876443226365565388776
877681578448587876443226635565388776
877681578844544788763226365565388776
877681578844544788763226635565388776
877681578885258737644633775568826644
877681578885258737644644665533288776
877681578885258737644644665562887733
877681578885258737644666445523388776
877681578885258737644666445526887733
877681578885258737644667755883326644
877681578885258737644677335568866244
877681578885258737644677655883366244
877681578885744876443226365565388776
877681578885744876443226635565388776
877681578885784476443226365565388776
877681578885784476443226635565388776
877681578885788364343472865647276655
877681578885788436343427865647276655
877681578885788463343427865647276655
877681578885788634343472865647276655
877681578885788673468765442726365543
877681578885788673468765442726635543
877681578885788763226365565344877644
877681578885788763226365565348477644
877681578885788763226365565384477644
877681578885788763226635565344877644
877681578885788763226635565348477644
877681578885788763226635565384477644
877681578885788763468765424726365543
877681578885788763468765424726635543
877681587448544788677635762588263653
877681587448544788677635762588266353
877681587448587867447635762588263653
877681587448587867447635762588266353
877681587844544788677635762588263653
877681587844544788677635762588266353
877681587885744867447635762588263653
877681587885744867447635762588266353
877681587885784467447635762588263653
877681587885784467447635762588266353
877681587885788364347723562654876654
877681587885788364347723562658476654
877681587885788436347273562654876654
877681587885788436347273562658476654
877681587885788463347273562654876654
877681587885788463347273562658476654
877681587885788634347723562654876654
877681587885788634347723562658476654
877681587885788677635762544826365443
877681587885788677635762544826635443
