877681587885788677635762548426365443
877681587885788677635762548426635443
877681587885788677635762584426365443
877681587885788677635762584426635443
877681587885788767635762548246365443
877681587885788767635762548246635443
877681587885788767635762584246365443
877681587885788767635762584246635443
877683366244888758176875556528377644
877683366284488758176785376244876555
877683366288875448176875556528377644
877683366288875844176785376244876555
877683366288875881767445556528377644
877683366288875881767537446244876555
877683366288875881767537644244876555
877683366288875881767537682447655544
877683366288875881767537862447655544
877683366288875881767855565237764444
877686338628446778868687724731555554
877686338844677877868866224375551554
877686338886687786226487744731555554
877686338886687786226847744731555554
877686338886687786464877224731555554
877686338886687786468477224731555554
877686338886687786622487744731555554
877686338886687786622847744731555554
877686338886687786644877224731555554
877686338886687786648477224731555554
877686688447733877868866224375551554
877686688863387786226487744731555554
877686688863387786226847744731555554
877686688863387786464877224731555554
877686688863387786468477224731555554
877686688863387786622487744731555554
877686688863387786622847744731555554
877686688863387786644877224731555554
877686688863387786648477224731555554
877686864444877685522338317876876555
877686868447768445522338317876876555
877686868447768855223331784476876555
877686868447768855223331788767655544
877773344684468868622558137867876555
877773344688686844622558137867876555
877773344688686886225513784467876555
877773344688686886225513788677655544
877773364484468868622558137867876555
877773364488686844622558137867876555
877773364488686886225513784467876555
877773364488686886225513788677655544
877773368844686448622558137867876555
877773368862446778868688624731555554
877773368886644844622558137867876555
877773368886644886225513784467876555
877773368886644886225513788677655544
877773368886688776226488464731555554
877773368886688776464886224731555554
877773368886688776622488464731555554
877773368886688776644886224731555554
877773384468686877868866224375551554
877773386448686877868866224375551554
877773386844686224864558137867876555
877773386844686448622558137867876555
877773386862446778868688624731555554
877773386886622484464558137867876555
877773386886622488645513784467876555
877773386886622488645513788677655544
877773386886644844622558137867876555
877773386886644886225513784467876555
877773386886644886225513788677655544
877773386886684477868866224375551554
877773386886688776226488464731555554
877773386886688776226848464731555554
877773386886688776464886224731555554
877773386886688776468486224731555554
877773386886688776488226644375555514
877773386886688776555522664488375144
877773386886688776555522664848375144
877773386886688776555522664884375144
877773386886688776622488464731555554
877773386886688776622848464731555554
877773386886688776644886224731555554
877773386886688776648486224731555554
877773386886688776848226644375555514
877773386886688776884226644375555514
877773386886688776886224464375551554
877773387744684468653815226557588866
877773387786446844653815226557588866
877773387786446864453815226557588866
877773387786446868531522655744588866
877773387786446886531522655744588866
877773387786446886531522655785886644
877773388662446778868688624731555554
877773388686684477868866224375551554
877773388686688776226488464731555554
877773388686688776226848464731555554
877773388686688776226884464731555554
877773388686688776464886224731555554
877773388686688776468486224731555554
877773388686688776468846224731555554
877773388686688776488226464735555154
