877773388686688776488466422735555154
877773388686688776488622464735555154
877773388686688776488646422735555154
877773388686688776488731544226655554
877773388686688776488731544466555522
877773388686688776488731544622655554
877773388686688776488731544646555522
877773388686688776488731544662255554
877773388686688776488731544664555522
877773388686688776555474613488226554
877773388686688776555474613488465522
877773388686688776555474613488622554
877773388686688776555474613488645522
877773388686688776555522646488731544
877773388686688776555522646848731544
877773388686688776555522646884731544
877773388686688776555546622488731544
877773388686688776555546622848731544
877773388686688776555546622884731544
877773388686688776555562246488731544
877773388686688776555562246848731544
877773388686688776555562246884731544
877773388686688776555564622488731544
877773388686688776555564622848731544
877773388686688776555564622884731544
877773388686688776555573154488226644
877773388686688776555573154488466422
877773388686688776555573154488622644
877773388686688776555573154488646422
877773388686688776555573154488662244
877773388686688776555573154488664422
877773388686688776555573154848226644
877773388686688776555573154848466422
877773388686688776555573154848622644
877773388686688776555573154848646422
877773388686688776555573154848662244
877773388686688776555573154848664422
877773388686688776555573154884226644
877773388686688776555573154884466422
877773388686688776555573154884622644
877773388686688776555573154884646422
877773388686688776555573154884662244
877773388686688776555573154884664422
877773388686688776622488464731555554
877773388686688776622848464731555554
877773388686688776622884464731555554
877773388686688776644886224731555554
877773388686688776648486224731555554
877773388686688776648846224731555554
877773388686688776745554631488226554
877773388686688776745554631488465522
877773388686688776745554631488622554
877773388686688776745554631488645522
877773388686688776848226464735555154
877773388686688776848466422735555154
877773388686688776848622464735555154
877773388686688776848646422735555154
877773388686688776848731544226655554
877773388686688776848731544466555522
877773388686688776848731544622655554
877773388686688776848731544646555522
877773388686688776848731544662255554
877773388686688776848731544664555522
877773388686688776882264464375551554
877773388686688776884226464735555154
877773388686688776884466422735555154
877773388686688776884622464735555154
877773388686688776884646224375551554
877773388686688776884646422735555154
877773388686688776884731544226655554
877773388686688776884731544466555522
877773388686688776884731544622655554
877773388686688776884731544646555522
877773388686688776884731544662255554
877773388686688776884731544664555522
877773388686688776886224464375551554
877773388686688776886446224375551554
877773488583453677655722616485488866
877773488583453677655722616665488884
877773488583453677655722616665848884
877773488583453677655722616665884884
877773488583453677655722616665888484
877773488583453677655722616665888844
877773488583453677655722616845488866
877773668583538225765514776484488866
877773668583538225765514776664488884
877773668583538225765514776664848884
877773668583538225765514776664884884
877773668583538225765514776664888484
877773668583538225765514776664888844
877773668583538225765514776844488866
877773848583453677655722616485488866
877773848583453677655722616665488884
877773848583453677655722616665848884
877773848583453677655722616665884884
877773848583453677655722616665888484
877773848583453677655722616665888844
877773848583453677655722616845488866
877773884583453677655722616485488866
877773884583453677655722616665488884
