877773884583453677655722616665848884
877773884583453677655722616665884884
877773884583453677655722616665888484
877773884583453677655722616665888844
877773884583453677655722616845488866
877774466844886683322558137867876555
877774466888668443322558137867876555
877774466888668833225513784467876555
877774466888668833225513788677655544
877774466888668854478356733221876555
877774466888668854478867765553533122
877774466888668858735673322441876555
877774466888668858786774465553533122
877774888843488583453677655722616665
877774888843668583538225765514776664
877774888843848583453677655722616665
877774888843884583453677655722616665
877774888846368583538225765514776664
877774888846638583538225765514776664
877774888846665581225388465547776363
877774888846665581225388465547776633
877774888846665581363883652254777654
877774888846665581363883654577762254
877774888846665581363883654577764522
877774888846665581363883655224777654
877774888846665581363883655477762254
877774888846665581363883655477764522
877774888846665581453886522547776363
877774888846665581453886522547776633
877774888846665581453886545227776363
877774888846665581453886545227776633
877774888846665581522388465547776363
877774888846665581522388465547776633
877774888846665581543886522547776363
877774888846665581543886522547776633
877774888846665581543886545227776363
877774888846665581543886545227776633
877774888846665581633883652254777654
877774888846665581633883654577762254
877774888846665581633883654577764522
877774888846665581633883655224777654
877774888846665581633883655477762254
877774888846665581633883655477764522
877775556744887675538813322446688866
877775556744887675538813322644688866
877775556744887675538813322664488866
877775556744887675538813322668886644
877775556744887675538813322686886644
877775556744887675538813322866886644
877775556744887675538813346462288866
877775556744887675538816224463388866
877775556744887675538816224466888633
877775556744887675538816226443388866
877775556744887675538816226446888633
877775556744887675538816226833886644
877775556744887675538816226868864433
877775556744887675538816228633886644
877775556744887675538816228668864433
877775556744887675538816464223388866
877775556744887675538816464226888633
877775556788767445538813322446688866
877775556788767445538813322644688866
877775556788767445538813322664488866
877775556788767445538813322668886644
877775556788767445538813322686886644
877775556788767445538813322866886644
877775556788767445538813346462288866
877775556788767445538816224463388866
877775556788767445538816224466888633
877775556788767445538816226443388866
877775556788767445538816226446888633
877775556788767445538816226833886644
877775556788767445538816226868864433
877775556788767445538816228633886644
877775556788767445538816228668864433
877775556788767445538816464223388866
877775556788767445538816464226888633
877775556788767855381332244446688866
877775556788767855381332244644688866
877775556788767855381332244664488866
877775556788767855381332244668886644
877775556788767855381332244686886644
877775556788767855381332244866886644
877775556788767855381332284466886644
877775556788767855381332286446886644
877775556788767855381332286644886644
877775556788767855381332286688664444
877775556788767855381332286868664444
877775556788767855381332288668664444
877775556788767855381334446462288866
877775556788767855381334864622886644
877775556788767855381622444463388866
877775556788767855381622444466888633
877775556788767855381622446443388866
877775556788767855381622446446888633
877775556788767855381622446833886644
877775556788767855381622446868864433
877775556788767855381622448633886644
877775556788767855381622448668864433
877775556788767855381622844633886644
