877775556788767855381622844668864433
877775556788767855381622864433886644
877775556788767855381622864468864433
877775556788767855381622868338664444
877775556788767855381622868686444433
877775556788767855381622886338664444
877775556788767855381622886686444433
877775556788767855381644464223388866
877775556788767855381644464226888633
877775556788767855381648642233886644
877775556788767855381648642268864433
877775788445531622553344668886688776
877775788445531622553364468886688776
877775788445531622553368688664488776
877775788445531622553377688446688866
877775788445531622553377688644688866
877775788445531622553377688686886644
877775788445531622553377688866886644
877775788445531622553386688664488776
877775788445531622556446888336688776
877775788445531622556446888663388776
877775788445531622556446888666887733
877775788445531622556644888336688776
877775788445531622556644888663388776
877775788445531622556644888666887733
877775788445531622556688833664488776
877775788445531622556688866443388776
877775788445531622556688866446887733
877775788445531622556778833446688866
877775788445531622556778833644688866
877775788445531622556778833686886644
877775788445531622556778833866886644
877775788445531622556778864463388866
877775788445531622556778864466888633
877775788445531622556778866443388866
877775788445531622556778866446888633
877775788445531622556778866833886644
877775788445531622556778866868864433
877775788445531622556778868633886644
877775788445531622556778868668864433
877775788445531622556868833664488776
877775788445531622556868866443388776
877775788445531622556868866446887733
877775788445531645533646228886688776
877775788445531645566422888336688776
877775788445531645566422888663388776
877775788445531645566422888666887733
877775887445531622335544668886688776
877775887445531622335564468886688776
877775887445531622335568688664488776
877775887445531622335577688446688866
877775887445531622335577688644688866
877775887445531622335577688664488866
877775887445531622335577688668886644
877775887445531622335577688686886644
877775887445531622335577688866886644
877775887445531622335586688664488776
877775887445531622655446888336688776
877775887445531622655446888663388776
877775887445531622655446888666887733
877775887445531622655644888336688776
877775887445531622655644888663388776
877775887445531622655644888666887733
877775887445531622655688833664488776
877775887445531622655688866443388776
877775887445531622655688866446887733
877775887445531622655778833446688866
877775887445531622655778833644688866
877775887445531622655778833664488866
877775887445531622655778833668886644
877775887445531622655778833686886644
877775887445531622655778833866886644
877775887445531622655778864463388866
877775887445531622655778864466888633
877775887445531622655778866443388866
877775887445531622655778866446888633
877775887445531622655778866833886644
877775887445531622655778866868864433
877775887445531622655778868633886644
877775887445531622655778868668864433
877775887445531622655868833664488776
877775887445531622655868866443388776
877775887445531622655868866446887733
877775887445531624455668886623388776
877775887445531624455668886626887733
877775887445531628553366887768826644
877775887445531628556688337768826644
877775887445531628556688446633288776
877775887445531628556688446662887733
877775887445531628556688664423388776
877775887445531628556688664426887733
877775887445531628556688677883326644
877775887445531628556688773368866244
877775887445531628556688776883366244
877775887445531643355646228886688776
877775887445531646556422888336688776
877775887445531646556422888663388776
877775887445531646556422888666887733
877775887445531662255644888336688776
877775887445531662255644888663388776
