877775887445531662255644888666887733
877775887445531664556422888336688776
877775887445531664556422888663388776
877775887445531664556422888666887733
877776368583538225765514776484488866
877776368583538225765514776664488884
877776368583538225765514776664848884
877776368583538225765514776664884884
877776368583538225765514776664888484
877776368583538225765514776664888844
877776368583538225765514776844488866
877776446844883368622558137867876555
877776446844886683322558137867876555
877776446888336844622558137867876555
877776446888336886225513784467876555
877776446888336886225513788677655544
877776446888668443322558137867876555
877776446888668833225513784467876555
877776446888668833225513788677655544
877776446888668854478356733221876555
877776446888668854478867765553533122
877776446888668858735673322441876555
877776446888668858786774465553533122
877776638583538225765514776484488866
877776638583538225765514776664488884
877776638583538225765514776664848884
877776638583538225765514776664884884
877776638583538225765514776664888484
877776638583538225765514776664888844
877776638583538225765514776844488866
877776644844883368622558137867876555
877776644844886683322558137867876555
877776644882637487455386315527588866
877776644884457556332768817553288866
877776644884457556627881733553288866
877776644888336844622558137867876555
877776644888336886225513784467876555
877776644888336886225513788677655544
877776644888668443322558137867876555
877776644888668833225513784467876555
877776644888668833225513788677655544
877776644888668854478356733221876555
877776644888668854478867765553533122
877776644888668858735673322441876555
877776644888668858786774465553533122
877776646684822753583548385654188776
877776646684822753583584385654188776
877776648484457556332768817553288866
877776648484457556627881733553288866
877776665581225388465547776363488884
877776665581225388465547776363848884
877776665581225388465547776363884884
877776665581225388465547776363888484
877776665581225388465547776363888844
877776665581225388465547776633488884
877776665581225388465547776633848884
877776665581225388465547776633884884
877776665581225388465547776633888484
877776665581225388465547776633888844
877776665581363883652254777654488884
877776665581363883652254777654848884
877776665581363883652254777654884884
877776665581363883652254777654888484
877776665581363883652254777654888844
877776665581363883654577762254488884
877776665581363883654577762254848884
877776665581363883654577762254884884
877776665581363883654577762254888484
877776665581363883654577762254888844
877776665581363883654577764522488884
877776665581363883654577764522848884
877776665581363883654577764522884884
877776665581363883654577764522888484
877776665581363883654577764522888844
877776665581363883655224777654488884
877776665581363883655224777654848884
877776665581363883655224777654884884
877776665581363883655224777654888484
877776665581363883655224777654888844
877776665581363883655477762254488884
877776665581363883655477762254848884
877776665581363883655477762254884884
877776665581363883655477762254888484
877776665581363883655477762254888844
877776665581363883655477764522488884
877776665581363883655477764522848884
877776665581363883655477764522884884
877776665581363883655477764522888484
877776665581363883655477764522888844
877776665581363883655477764548888224
877776665581363883655477764548888422
877776665581453886522547776363488884
877776665581453886522547776363848884
877776665581453886522547776363884884
877776665581453886522547776363888484
877776665581453886522547776363888844
877776665581453886522547776633488884
877776665581453886522547776633848884
877776665581453886522547776633884884
877776665581453886522547776633888484
