877776665581453886522547776633888844
877776665581453886545227776363488884
877776665581453886545227776363848884
877776665581453886545227776363884884
877776665581453886545227776363888484
877776665581453886545227776363888844
877776665581453886545227776633488884
877776665581453886545227776633848884
877776665581453886545227776633884884
877776665581453886545227776633888484
877776665581453886545227776633888844
877776665581522388465547776363488884
877776665581522388465547776363848884
877776665581522388465547776363884884
877776665581522388465547776363888484
877776665581522388465547776363888844
877776665581522388465547776633488884
877776665581522388465547776633848884
877776665581522388465547776633884884
877776665581522388465547776633888484
877776665581522388465547776633888844
877776665581543886522547776363488884
877776665581543886522547776363848884
877776665581543886522547776363884884
877776665581543886522547776363888484
877776665581543886522547776363888844
877776665581543886522547776633488884
877776665581543886522547776633848884
877776665581543886522547776633884884
877776665581543886522547776633888484
877776665581543886522547776633888844
877776665581543886545227776363488884
877776665581543886545227776363848884
877776665581543886545227776363884884
877776665581543886545227776363888484
877776665581543886545227776363888844
877776665581543886545227776633488884
877776665581543886545227776633848884
877776665581543886545227776633884884
877776665581543886545227776633888484
877776665581543886545227776633888844
877776665581633883652254777654488884
877776665581633883652254777654848884
877776665581633883652254777654884884
877776665581633883652254777654888484
877776665581633883652254777654888844
877776665581633883654577762254488884
877776665581633883654577762254848884
877776665581633883654577762254884884
877776665581633883654577762254888484
877776665581633883654577762254888844
877776665581633883654577764522488884
877776665581633883654577764522848884
877776665581633883654577764522884884
877776665581633883654577764522888484
877776665581633883654577764522888844
877776665581633883655224777654488884
877776665581633883655224777654848884
877776665581633883655224777654884884
877776665581633883655224777654888484
877776665581633883655224777654888844
877776665581633883655477762254488884
877776665581633883655477762254848884
877776665581633883655477762254884884
877776665581633883655477762254888484
877776665581633883655477762254888844
877776665581633883655477764522488884
877776665581633883655477764522848884
877776665581633883655477764522884884
877776665581633883655477764522888484
877776665581633883655477764522888844
877776665581633883655477764548888224
877776665581633883655477764548888422
877776684484457556332768817553288866
877776684484457556627881733553288866
877776688444457556332768817553288866
877776688444457556627881733553288866
877776688448336448622558137867876555
877776688448575533568225813664488776
877776688448575565822583313664488776
877776688448575565822586136443388776
877776688448575565822586136446887733
877776688448664483322558137867876555
877776688833644844622558137867876555
877776688833644886225513784467876555
877776688833644886225513788677655544
877776688833688776226488464731555554
877776688833688776464886224731555554
877776688833688776622488464731555554
877776688833688776644886224731555554
877776688834588654572636683481772554
877776688834588654572636683841772554
877776688834588654572657474882361653
877776688834588654572657474882631653
877776688834588654572657568824173643
877776688834588654572657568824176343
877776688834588654572657658821473643
877776688834588654572657658821476343
877776688834588654572657744882366153
877776688834588654572657744882636153
