877776688834588654572657744882663153
877776688834588654572663683481772554
877776688834588654572663683841772554
877776688834588654572665574818273643
877776688834588654572665574818276343
877776688834588654572665578418273643
877776688834588654572665578418276343
877776688834588654572666383481772554
877776688834588654572666383841772554
877776688834588654572667554812873643
877776688834588654572667554812876343
877776688834588654572667558412873643
877776688834588654572667558412876343
877776688834588654572668363481727554
877776688834588654572668363841727554
877776688834588654572668633481727554
877776688834588654572668633841727554
877776688837253645634485726645888175
877776688837253645634845726645888175
877776688837256345634485726645888175
877776688837256345634845726645888175
877776688837257656485246613445388875
877776688837257656845246613445388875
877776688848385843538225765514776664
877776688848655841225388465547776363
877776688848655841225388465547776633
877776688848655841363883652254777654
877776688848655841363883654577762254
877776688848655841363883654577764522
877776688848655841363883655224777654
877776688848655841363883655477762254
877776688848655841363883655477764522
877776688848655841453886522547776363
877776688848655841453886522547776633
877776688848655841453886545227776363
877776688848655841453886545227776633
877776688848655841522388465547776363
877776688848655841522388465547776633
877776688848655841543886522547776363
877776688848655841543886522547776633
877776688848655841543886545227776363
877776688848655841543886545227776633
877776688848655841633883652254777654
877776688848655841633883654577762254
877776688848655841633883654577764522
877776688848655841633883655224777654
877776688848655841633883655477762254
877776688848655841633883655477764522
877776688857547332764481654553288866
877776688857547332764841654553288866
877776688857547627448331654553288866
877776688857547627484331654553288866
877776688857553342263641884556488776
877776688857553344568225813664488776
877776688857553385622581364464488776
877776688857553385622581368644877644
877776688857556332764481744553288866
877776688857556332764841744553288866
877776688857556332768441744553288866
877776688857556332768817553244886644
877776688857556332768817553248486644
877776688857556332768817553248846644
877776688857556332768817553284486644
877776688857556332768817553284846644
877776688857556332768817553288446644
877776688857556422364881376734886554
877776688857556422364881376738486554
877776688857556422364881376738846554
877776688857556422634188433556488776
877776688857556422634188465543388776
877776688857556422634188465546887733
877776688857556422634881376734886554
877776688857556422634881376738486554
877776688857556422634881376738846554
877776688857556445822583313664488776
877776688857556445822586136443388776
877776688857556445822586136446887733
877776688857556627448173344553288866
877776688857556627484173344553288866
877776688857556627844173344553288866
877776688857556627881733553244886644
877776688857556627881733553248486644
877776688857556627881733553248846644
877776688857556627881733553284486644
877776688857556627881733553284846644
877776688857556627881733553288446644
877776688857556852258331364464488776
877776688857556852258331368644877644
877776688857556852258613644443388776
877776688857556852258613644446887733
877776688857556852258613684433877644
877776688857556852258613684468774433
877776688857565332764814744553288866
877776688857565332768414744553288866
877776688857565627481473344553288866
877776688857565627841473344553288866
877776688857574332764486154553288866
877776688857574332764846154553288866
877776688857574627448336154553288866
877776688857574627484336154553288866
