877776688866432258134544387867876555
877776688866432258134583876744876555
877776688866448443322558137867876555
877776688866448833225513784467876555
877776688866448833225513788677655544
877776688866448854478356733221876555
877776688866448854478867765553533122
877776688866448858735673322441876555
877776688866448858786774465553533122
877776688882234858345385765514776664
877776688882236658314388565454777654
877776688882238458345385765514776664
877776688882263658314388565454777654
877776688882266358314388565454777654
877776688884385843538225765514776664
877776688884655841225388465547776363
877776688884655841225388465547776633
877776688884655841363883652254777654
877776688884655841363883654577762254
877776688884655841363883654577764522
877776688884655841363883655224777654
877776688884655841363883655477762254
877776688884655841363883655477764522
877776688884655841453886522547776363
877776688884655841453886522547776633
877776688884655841453886545227776363
877776688884655841453886545227776633
877776688884655841522388465547776363
877776688884655841522388465547776633
877776688884655841543886522547776363
877776688884655841543886522547776633
877776688884655841543886545227776363
877776688884655841543886545227776633
877776688884655841633883652254777654
877776688884655841633883654577762254
877776688884655841633883654577764522
877776688884655841633883655224777654
877776688884655841633883655477762254
877776688884655841633883655477764522
877776844688336877868866224375551554
877776864488336877868866224375551554
877776868448336224864558137867876555
877776868448336448622558137867876555
877776868448662248433558137867876555
877776868448664483322558137867876555
877776868833622484464558137867876555
877776868833622488645513784467876555
877776868833622488645513788677655544
877776868833644844622558137867876555
877776868833644886225513784467876555
877776868833644886225513788677655544
877776868833684477868866224375551554
877776868833688776226488464731555554
877776868833688776226848464731555554
877776868833688776464886224731555554
877776868833688776468486224731555554
877776868833688776488226644375555514
877776868833688776555522664488375144
877776868833688776555522664848375144
877776868833688776555522664884375144
877776868833688776622488464731555554
877776868833688776622848464731555554
877776868833688776644886224731555554
877776868833688776648486224731555554
877776868833688776848226644375555514
877776868833688776884226644375555514
877776868833688776886224464375551554
877776868866224844433558137867876555
877776868866224884335513784467876555
877776868866224884335513788677655544
877776868866448443322558137867876555
877776868866448833225513784467876555
877776868866448833225513788677655544
877776868866448854478356733221876555
877776868866448854478867765553533122
877776868866448858735673322441876555
877776868866448858786774465553533122
877776877448334468653815226557588866
877776877448644685333815226557588866
877776877448644685368152255733588866
877776877833446844653815226557588866
877776877833446864453815226557588866
877776877833446868531522655744588866
877776877833446886531522655744588866
877776877833446886531522655785886644
877776877864468445333815226557588866
877776877864468445368152255733588866
877776877864468853331522655744588866
877776877864468853331522655785886644
877776877864468853615225574433588866
877776877864468853615225578335886644
877776886833684477868866224375551554
877776886833688776226488464731555554
877776886833688776226848464731555554
877776886833688776226884464731555554
877776886833688776464886224731555554
877776886833688776468486224731555554
877776886833688776468846224731555554
877776886833688776488226464735555154
877776886833688776488466422735555154
