877776886833688776488622464735555154
877776886833688776488646422735555154
877776886833688776488731544226655554
877776886833688776488731544466555522
877776886833688776488731544622655554
877776886833688776488731544646555522
877776886833688776488731544662255554
877776886833688776488731544664555522
877776886833688776555474613488226554
877776886833688776555474613488465522
877776886833688776555474613488622554
877776886833688776555474613488645522
877776886833688776555522646488731544
877776886833688776555522646848731544
877776886833688776555522646884731544
877776886833688776555546622488731544
877776886833688776555546622848731544
877776886833688776555546622884731544
877776886833688776555562246488731544
877776886833688776555562246848731544
877776886833688776555562246884731544
877776886833688776555564622488731544
877776886833688776555564622848731544
877776886833688776555564622884731544
877776886833688776555573154488226644
877776886833688776555573154488466422
877776886833688776555573154488622644
877776886833688776555573154488646422
877776886833688776555573154488662244
877776886833688776555573154488664422
877776886833688776555573154848226644
877776886833688776555573154848466422
877776886833688776555573154848622644
877776886833688776555573154848646422
877776886833688776555573154848662244
877776886833688776555573154848664422
877776886833688776555573154884226644
877776886833688776555573154884466422
877776886833688776555573154884622644
877776886833688776555573154884646422
877776886833688776555573154884662244
877776886833688776555573154884664422
877776886833688776622488464731555554
877776886833688776622848464731555554
877776886833688776622884464731555554
877776886833688776644886224731555554
877776886833688776648486224731555554
877776886833688776648846224731555554
877776886833688776745554631488226554
877776886833688776745554631488465522
877776886833688776745554631488622554
877776886833688776745554631488645522
877776886833688776848226464735555154
877776886833688776848466422735555154
877776886833688776848622464735555154
877776886833688776848646422735555154
877776886833688776848731544226655554
877776886833688776848731544466555522
877776886833688776848731544622655554
877776886833688776848731544646555522
877776886833688776848731544662255554
877776886833688776848731544664555522
877776886833688776882264464375551554
877776886833688776884226464735555154
877776886833688776884466422735555154
877776886833688776884622464735555154
877776886833688776884646224375551554
877776886833688776884646422735555154
877776886833688776884731544226655554
877776886833688776884731544466555522
877776886833688776884731544622655554
877776886833688776884731544646555522
877776886833688776884731544662255554
877776886833688776884731544664555522
877776886833688776886224464375551554
877776886833688776886446224375551554
877777655544878673558833122446688866
877777655544878673558833122644688866
877777655544878673558833122664488866
877777655544878673558833122668886644
877777655544878673558833122686886644
877777655544878673558833122866886644
877777655544878673558833146462288866
877777655544878673558861224463388866
877777655544878673558861224466888633
877777655544878673558861226443388866
877777655544878673558861226446888633
877777655544878673558861226833886644
877777655544878673558861226868864433
877777655544878673558861228633886644
877777655544878673558861228668864433
877777655544878673558861446223388866
877777655544878673558861446226888633
877777655587867443558833122446688866
877777655587867443558833122644688866
877777655587867443558833122664488866
877777655587867443558833122668886644
877777655587867443558833122686886644
877777655587867443558833122866886644
877777655587867443558833146462288866
