877777655587867443558861224463388866
877777655587867443558861224466888633
877777655587867443558861226443388866
877777655587867443558861226446888633
877777655587867443558861226833886644
877777655587867443558861226868864433
877777655587867443558861228633886644
877777655587867443558861228668864433
877777655587867443558861446223388866
877777655587867443558861446226888633
877777655587867835583312244446688866
877777655587867835583312244644688866
877777655587867835583312244664488866
877777655587867835583312244668886644
877777655587867835583312244686886644
877777655587867835583312244866886644
877777655587867835583312264444688866
877777655587867835583312264464488866
877777655587867835583312264468886644
877777655587867835583312264486886644
877777655587867835583312266444488866
877777655587867835583312266448886644
877777655587867835583312266844886644
877777655587867835583312266888664444
877777655587867835583312268446886644
877777655587867835583312268644886644
877777655587867835583312268688664444
877777655587867835583312268868664444
877777655587867835583312284466886644
877777655587867835583312286446886644
877777655587867835583312286644886644
877777655587867835583312286688664444
877777655587867835583312286868664444
877777655587867835583312288668664444
877777655587867835583314446462288866
877777655587867835583314644462288866
877777655587867835583314684622886644
877777655587867835583314864622886644
877777655587867835586122444463388866
877777655587867835586122444466888633
877777655587867835586122446443388866
877777655587867835586122446446888633
877777655587867835586122446833886644
877777655587867835586122446868864433
877777655587867835586122448633886644
877777655587867835586122448668864433
877777655587867835586122844633886644
877777655587867835586122844668864433
877777655587867835586122864433886644
877777655587867835586122864468864433
877777655587867835586122868338664444
877777655587867835586122868686444433
877777655587867835586122886338664444
877777655587867835586122886686444433
877777655587867835586144446223388866
877777655587867835586144446226888633
877777655587867835586148462233886644
877777655587867835586148462268864433
877777783344686448635851226755588866
877777783386644844635851226755588866
877777783386644886355122675544588866
877777783386644886355122675585886644
877777786448336448635851226755588866
877777786448664483533851226755588866
877777786448664483568512275553388866
877777786833644844635851226755588866
877777786833644886355122675544588866
877777786833644886355122675585886644
877777786866448443533851226755588866
877777786866448443568512275553388866
877777786866448835335122675544588866
877777786866448835335122675585886644
877777786866448835651227554453388866
877777786866448835651227558533886644
877778446334468868655228317876876555
877778446338686844655228317876876555
877778446338686886552231784476876555
877778446338686886552231788767655544
877778446644886338655228317876876555
877778446644886685522338317876876555
877778446688633844655228317876876555
877778446688633886552231784476876555
877778446688633886552231788767655544
877778446688668445522338317876876555
877778446688668855223331784476876555
877778446688668855223331788767655544
877778488843488583453677655722616665
877778488843668583538225765514776664
877778488843848583453677655722616665
877778488843884583453677655722616665
877778488846368583538225765514776664
877778488846638583538225765514776664
877778488846665581225388465547776363
877778488846665581225388465547776633
877778488846665581363883652254777654
877778488846665581363883654577762254
877778488846665581363883654577764522
877778488846665581363883655224777654
877778488846665581363883655477762254
877778488846665581363883655477764522
