877778488846665581453886522547776363
877778488846665581453886522547776633
877778488846665581453886545227776363
877778488846665581453886545227776633
877778488846665581522388465547776363
877778488846665581522388465547776633
877778488846665581543886522547776363
877778488846665581543886522547776633
877778488846665581543886545227776363
877778488846665581543886545227776633
877778488846665581633883652254777654
877778488846665581633883654577762254
877778488846665581633883654577764522
877778488846665581633883655224777654
877778488846665581633883655477762254
877778488846665581633883655477764522
877778644334468868655228317876876555
877778644338686844655228317876876555
877778644338686886552231784476876555
877778644338686886552231788767655544
877778644644886338655228317876876555
877778644644886685522338317876876555
877778644688633844655228317876876555
877778644688633886552231784476876555
877778644688633886552231788767655544
877778644688668445522338317876876555
877778644688668855223331784476876555
877778644688668855223331788767655544
877778664444886685522338317876876555
877778664488668445522338317876876555
877778664488668855223331784476876555
877778664488668855223331788767655544
877778668448664483322558137867876555
877778668448668445522338317876876555
877778668822866358314388565454777654
877778668866448443322558137867876555
877778668866448833225513784467876555
877778668866448833225513788677655544
877778668866448854478356733221876555
877778668866448854478867765553533122
877778668866448858735673322441876555
877778668866448858786774465553533122
877778668866844445522338317876876555
877778668866844855223331784476876555
877778668866844855223331788767655544
877778668882235668341388546554777654
877778668882235668341388564554777654
877778668882253668341388546554777654
877778668882253668341388564554777654
877778683344686842264558317876876555
877778683344686844655228317876876555
877778683386684224464558317876876555
877778683386684228645531784476876555
877778683386684228645531788767655544
877778683386684444655228317876876555
877778683386684486552231784476876555
877778683386684486552231788767655544
877778686448633842264558317876876555
877778686448633844655228317876876555
877778686448668422455338317876876555
877778686448668445522338317876876555
877778686863384224464558317876876555
877778686863384228645531784476876555
877778686863384228645531788767655544
877778686863384444655228317876876555
877778686863384486552231784476876555
877778686863384486552231788767655544
877778686866842244455338317876876555
877778686866842284553331784476876555
877778686866842284553331788767655544
877778686866844445522338317876876555
877778686866844855223331784476876555
877778686866844855223331788767655544
877778848843488583453677655722616665
877778848843668583538225765514776664
877778848843848583453677655722616665
877778848843884583453677655722616665
877778848846368583538225765514776664
877778848846638583538225765514776664
877778848846665581225388465547776363
877778848846665581225388465547776633
877778848846665581363883652254777654
877778848846665581363883654577762254
877778848846665581363883654577764522
877778848846665581363883655224777654
877778848846665581363883655477762254
877778848846665581363883655477764522
877778848846665581453886522547776363
877778848846665581453886522547776633
877778848846665581453886545227776363
877778848846665581453886545227776633
877778848846665581522388465547776363
877778848846665581522388465547776633
877778848846665581543886522547776363
877778848846665581543886522547776633
877778848846665581543886545227776363
877778848846665581543886545227776633
877778848846665581633883652254777654
877778848846665581633883654577762254
877778848846665581633883654577764522
