877778848846665581633883655224777654
877778848846665581633883655477762254
877778848846665581633883655477764522
877778857832186644826374874553866655
877778863344686844655228317876876555
877778863386684444655228317876876555
877778863386684486552231784476876555
877778863386684486552231788767655544
877778866448633844655228317876876555
877778866448668445522338317876876555
877778866448753355658852231664488776
877778866448756555885223331664488776
877778866448756555885226316443388776
877778866448756555885226316446887733
877778866822835668341388546554777654
877778866822835668341388564554777654
877778866822853668341388546554777654
877778866822853668341388564554777654
877778866822856368341388546554777654
877778866822856368341388564554777654
877778866822856638341388546554777654
877778866822856638341388564554777654
877778866863384444655228317876876555
877778866863384486552231784476876555
877778866863384486552231788767655544
877778866866844445522338317876876555
877778866866844855223331784476876555
877778866866844855223331788767655544
877778866875335544658852231664488776
877778866875335586585223164464488776
877778866875335586585223166444488776
877778866875335586585223166844877644
877778866875335586585223168644877644
877778866875385625548676544218873643
877778866875385625548676544218876343
877778866875385625584676544218873643
877778866875385625584676544218876343
877778866875655445885223331664488776
877778866875655445885226316443388776
877778866875655445885226316446887733
877778866875655858522333164464488776
877778866875655858522333166444488776
877778866875655858522333166844877644
877778866875655858522333168644877644
877778866875655858522631644443388776
877778866875655858522631644446887733
877778866875655858522631684433877644
877778866875655858522631684468774433
877778884843488583453677655722616665
877778884843668583538225765514776664
877778884843848583453677655722616665
877778884843884583453677655722616665
877778884846368583538225765514776664
877778884846638583538225765514776664
877778884846665581225388465547776363
877778884846665581225388465547776633
877778884846665581363883652254777654
877778884846665581363883654577762254
877778884846665581363883654577764522
877778884846665581363883655224777654
877778884846665581363883655477762254
877778884846665581363883655477764522
877778884846665581453886522547776363
877778884846665581453886522547776633
877778884846665581453886545227776363
877778884846665581453886545227776633
877778884846665581522388465547776363
877778884846665581522388465547776633
877778884846665581543886522547776363
877778884846665581543886522547776633
877778884846665581543886545227776363
877778884846665581543886545227776633
877778884846665581633883652254777654
877778884846665581633883654577762254
877778884846665581633883654577764522
877778884846665581633883655224777654
877778884846665581633883655477762254
877778884846665581633883655477764522
877833664444863585122675558886687777
877833664488635512264475558886687777
877833664488635512268755588664487777
877833664488635512268755588668777744
877863364444863585122675558886687777
877863364488635512264475558886687777
877863364488635512268755588664487777
877863364488635512268755588668777744
877866338628446778868687724731555554
877866338844677877868866224375551554
877866338886687786226487744731555554
877866338886687786226847744731555554
877866338886687786464877224731555554
877866338886687786468477224731555554
877866338886687786622487744731555554
877866338886687786622847744731555554
877866338886687786644877224731555554
877866338886687786648477224731555554
877866644448358335122675558886687777
877866644448358651227555338886687777
877866644883533512264475558886687777
877866644883533512268755588664487777
