877866644883533512268755588668777744
877866644883565122447555338886687777
877866644883565122875553388664487777
877866644883565122875553388668777744
877866688447733877868866224375551554
877866688863387786226487744731555554
877866688863387786226847744731555554
877866688863387786464877224731555554
877866688863387786468477224731555554
877866688863387786622487744731555554
877866688863387786622847744731555554
877866688863387786644877224731555554
877866688863387786648477224731555554
877866864444877685522338317876876555
877866868447768445522338317876876555
877866868447768855223331784476876555
877866868447768855223331788767655544
878364347278867768858346571468726555
878436342778867768858346571468726555
878463342778867768858346571468726555
878634347278867768858346571468726555
878676778842736884358346571468726555
878676778842763884358346571468726555
878766778824736884358346571468726555
878766778824763884358346571468726555
882265544637555144677886833886687777
882265544637555144677886868863387777
882265544637555144687786338886687777
882265544637555144687786688863387777
883344668688677665522551883754487777
883344668688677665522551883758777744
883344668688677665525717737442588875
883364468688677665522551883754487777
883364468688677665522551883758777744
883364468688677665525717737442588875
883368668844677665522551883754487777
883368668844677665522551883758777744
883368668844677665525717737442588875
883377626644888578716876555258773644
883377626656544518887524477775388866
883377626665544144777785887355828866
883377626665544177744788857355888266
883377626665544177787885744355888266
883377626665544187777588744355828866
883377626665544188857577744273588866
883377626665544688861578885523777744
883377626665544744786358825875887176
883377626665544774486358852875881776
883377626665544784476538528875881776
883377626665544787446358582875881776
883377626665544787868578855281737644
883377626665544788768578852581773644
883377626688446778851786555258773644
883377626688447678851786555528737644
883377626688447678851786735442876555
883377626688448666552551883754487777
883377626688448666552551883758777744
883377626688448666555717737442588875
883377626688857448716876555258773644
883377626688857887167446555258773644
883377626688857887167644555258773644
883377626688857887167685552577364444
883377626688857887167865552577364444
883377626688866655442551883754487777
883377626688866655442551883758777744
883377626688866655445717737442588875
883377644688686665522551883754487777
883377644688686665522551883758777744
883377644688686665525717737442588875
883377664488686665522551883754487777
883377664488686665522551883758777744
883377664488686665525717737442588875
883377668886664465522551883754487777
883377668886664465522551883758777744
883377668886664465525717737442588875
883377686886622646554551883754487777
883377686886622646554551883758777744
883377686886646465522551883754487777
883377686886646465522551883758777744
883377686886662246554551883754487777
883377686886662246554551883758777744
883377686886664465522551883754487777
883377686886664465522551883758777744
883377686886664465525717737442588875
883386668844677665522551883754487777
883386668844677665522551883758777744
883386668844677665525717737442588875
883647342716675525886545483886687777
883647342716675527776544835887588866
883656341277675425886545483886687777
883656341277675427776544835887588866
883656352767653244786744858875887176
883656352767653244786788587445887176
883656352767653244786788587858717644
883656352767653287446744858875887176
883656352767653287446788587445887716
883656352767653287446788587544887176
883656352767653287446788587678875144
883656352767653287446788587768871544
883656352767653287867445887445887176
