883656352767653287867445887858717644
883656352767653287867854487445887176
883656352767653287867854487858717644
883656352767653287867858447445887716
883656352767653287867858447544887176
883656352767653287867858447678875144
883656352767653287867858447768871544
883656352767653287867858875448717644
883656352767653287867858875844717644
883665314277675425886545483886687777
883665314277675427776544835887588866
883674342761675525886545483886687777
883674342761675527776544835887588866
884226644745555531677886833886687777
884226644745555531677886868863387777
884226644745555531687786338886687777
884226644745555531687786688863387777
884457265276664788673481757363588875
884457265276664788673481757633588875
884457265277653447168878578858736663
884457265277653447168878578858763663
884457265277653447168878578858766363
884457265277653447168878578858766633
884463368644868552231787687655587777
884463368688655223174487687655587777
884463368688655223178876764455587777
884463368688655223178876768555777744
884466233275676557836744858875887176
884466233275676557836788587445887176
884466233275676557836788587858717644
884466262757653357836744858875887176
884466262757653357836788587445887176
884466262757653357836788587858717644
884466332776565518887524477775388866
884466332776655144777785887355828866
884466332776655177744788857355888266
884466332776655177787885744355888266
884466332776655187777588744355828866
884466332776655188857577744273588866
884466332776655688861578885523777744
884466332776655744786358825875887176
884466332776655774486358852875881776
884466332776655784476538528875881776
884466332776655787446358582875881776
884466332776655787868578855281737644
884466332776655788768578852581773644
884466332776886778851786555258773644
884466332776887678851786555528737644
884466332776887678851786735442876555
884466332776888666552551883754487777
884466332776888666552551883758777744
884466332776888666555717737442588875
884466422745555531677886833886687777
884466422745555531677886868863387777
884466422745555531687786338886687777
884466422745555531687786688863387777
884466442557883587777861556623388776
884466442557883587777861556626887733
884466442557883733661557528886687777
884466442557883766155733528886687777
884466445777732332767885861557588866
884466445777732627788335861557588866
884466627756533518887524477775388866
884466627765533144777785887355828866
884466627765533177744788857355888266
884466627765533177787885744355888266
884466627765533187777588744355828866
884466627765533188857577744273588866
884466627765533688861578885523777744
884466627765533744786358825875887176
884466627765533774486358852875881776
884466627765533784476538528875881776
884466627765533787446358582875881776
884466627765533787868578855281737644
884466627765533788768578852581773644
884466627788336778851786555258773644
884466627788337678851786555528737644
884466627788337678851786735442876555
884466627788338666552551883754487777
884466627788338666552551883758777744
884466627788338666555717737442588875
884466627788677883351786555258773644
884466863344868552231787687655587777
884466863388655223174487687655587777
884466863388655223178876764455587777
884466863388655223178876768555777744
884466866448855223331787687655587777
884466866844552233831787687655587777
884466866883377665522551883754487777
884466866883377665522551883758777744
884466866883377665525717737442588875
884466866885522333174487687655587777
884466866885522333178876764455587777
884466866885522333178876768555777744
884466866886776553322551883754487777
884466866886776553322551883758777744
884466866886776553325717737442588875
884547413646555526277886833886687777
884547413646555526277886868863387777
884547413646555526287786338886687777
