884547413646555526287786688863387777
884556437678836461355745228886687777
884556437678863461355745228886687777
884622644745555531677886833886687777
884622644745555531677886868863387777
884622644745555531687786338886687777
884622644745555531687786688863387777
884646422745555531677886833886687777
884646422745555531677886868863387777
884646422745555531687786338886687777
884646422745555531687786688863387777
884655224637555144677886833886687777
884655224637555144677886868863387777
884655224637555144687786338886687777
884655224637555144687786688863387777
884662244745555531677886833886687777
884662244745555531677886868863387777
884662244745555531687786338886687777
884662244745555531687786688863387777
884664422745555531677886833886687777
884664422745555531677886868863387777
884664422745555531687786338886687777
884664422745555531687786688863387777
884745431622655554677886833886687777
884745431622655554677886868863387777
884745431622655554687786338886687777
884745431622655554687786688863387777
884745431646555522677886833886687777
884745431646555522677886868863387777
884745431646555522687786338886687777
884745431646555522687786688863387777
884745431662255554677886833886687777
884745431662255554677886868863387777
884745431662255554687786338886687777
884745431662255554687786688863387777
884745431664555522677886833886687777
884745431664555522677886868863387777
884745431664555522687786338886687777
884745431664555522687786688863387777
884884225777645468853638316665587777
884884225777645468856338316665587777
884884366687388578574577643272761655
884884366777348213667245756675588875
884884366777366213667254875754588875
884884366777366213667258475754588875
884884366777382413667245756675588875
884884366777384213667245756675588875
884884367776322568854543816665587777
884884367776345688522543816665587777
884884367776345688545382216665587777
884884367776352268854543816665587777
884884367776354688522543816665587777
884884367776354688545382216665587777
884884368766372751665577746548883275
884884457767432656577518273675388866
884884457767432656577518276375388866
884884457776225468853638316665587777
884884457776225468856338316665587777
884884457776456885223638316665587777
884884457776456885226338316665587777
884884483777342136676625756675588875
884884487377342173666625757665588875
884884522777645468853638316665587777
884884522777645468856338316665587777
884884547776225468853638316665587777
884884547776225468856338316665587777
884884547776456885223638316665587777
884884547776456885226338316665587777
884884588875775485457666632277173663
884884588875775485457666632277176363
884884588875775485457666632277176633
884884588875775665548766324277173663
884884588875775665548766324277176363
884884588875775665548766324277176633
884884588875775665548766342277173663
884884588875775665548766342277176363
884884588875775665548766342277176633
884884588875775665566766322487717343
884884588875775665566766322847717343
884884588875775665574866324277173663
884884588875775665576666322487717343
884884588875775665576666322847717343
884884588875775665578466324277173663
884884588875775665584766324277173663
884884588875775665584766324277176363
884884588875775665584766324277176633
884884588875775845457666632277173663
884884588875775845457666632277176363
884884588875775845457666632277176633
884884636687388578574577643272761655
884884636777348213667245756675588875
884884636777366213667254875754588875
884884636777366213667258475754588875
884884636777382413667245756675588875
884884636777384213667245756675588875
884884637776322568854543816665587777
884884637776345688522543816665587777
884884637776345688545382216665587777
884884637776352268854543816665587777
884884637776354688522543816665587777
