884884637776354688545382216665587777
884884638766372751665577746548883275
884884655677721634277548588758736663
884884655677721634277548588758763663
884884655677721634277548588758766363
884884655677721634277548588758766633
884884663687388578574577643272761655
884884663777348213667245756675588875
884884663777366213667254875754588875
884884663777366213667258475754588875
884884663777382413667245756675588875
884884663777384213667245756675588875
884884664776457618555388223665387777
884884664776457618555388226365387777
884884664776457618555388226635387777
884884666387388578574577643272761655
884884666576122577665538488354387777
884884666576122577665538848354387777
884884666576122577665538884354387777
884884667377348217366245757665588875
884884667377384217366245757665588875
884884667836357276156547776543888725
884884667863357276156547776543888725
884884668887578365372761556432777654
884884668887578635372761556432777654
884884675666221677556583488354387777
884884675666221677556583848354387777
884884675666221677556583884354387777
884884677466467558155832283665387777
884884677466467558155832286365387777
884884677466467558155832286635387777
884884677722545645883683366615587777
884884677722545645886383366615587777
884884677736362255884583466615587777
884884677736364558822583466615587777
884884677736364558845832266615587777
884884677736365225884583466615587777
884884677736365458822583466615587777
884884677736365458845832266615587777
884884677745225645883683366615587777
884884677745225645886383366615587777
884884677745456588223683366615587777
884884677745456588226383366615587777
884884677752245645883683366615587777
884884677752245645886383366615587777
884884677754225645883683366615587777
884884677754225645886383366615587777
884884677754456588223683366615587777
884884677754456588226383366615587777
884884677763362255884583466615587777
884884677763364558822583466615587777
884884677763364558845832266615587777
884884677763365225884583466615587777
884884677763365458822583466615587777
884884677763365458845832266615587777
884884736668388578577457643277261655
884884736677348217366245757665588875
884884736677366217366254875754588875
884884736677366217366258475754588875
884884736677382417366245757665588875
884884736677384217366245757665588875
884884748377342173666625757665588875
884884758882354776745676575182766363
884884758882354776745676575182766633
884884758885775485457666632277713663
884884758885775485457666632277716363
884884758885775485457666632277716633
884884758885775665574866324277713663
884884758885775665574866324277716363
884884758885775665574866324277716633
884884758885775665574866342277713663
884884758885775665574866342277716363
884884758885775665574866342277716633
884884758885775665576666322487771343
884884758885775665576666322847771343
884884758885775665578466324277713663
884884758885775665578466324277716363
884884758885775665578466324277716633
884884758885775845457666632277713663
884884758885775845457666632277716363
884884758885775845457666632277716633
884884763668388578577457643277261655
884884763677348217366245757665588875
884884763677366217366254875754588875
884884763677366217366258475754588875
884884763677382417366245757665588875
884884763677384217366245757665588875
884884765567127436727545888758736663
884884765567127436727545888758763663
884884765567127436727545888758766363
884884765567127436727545888758766633
884884765567721634727548578858736663
884884765567721634727548578858763663
884884765567721634727548578858766363
884884765567721634727548578858766633
884884766368388578577457643277261655
884884766377348217366245757665588875
884884766377366217366254875754588875
884884766377366217366258475754588875
884884766377382417366245757665588875
