884884766377384217366245757665588875
884884766638388578577457643277261655
884884767754423675657281573673588866
884884767754423675657281576373588866
884884773487341266372665576675588875
884884773667312486637254576675588875
884884773667312666637254857754588875
884884773667312666637258457754588875
884884773667312846637254576675588875
884884773667314286637254576675588875
884884773748341266372665576675588875
884884773766312486637254576675588875
884884773766312846637254576675588875
884884773784341266372665576675588875
884884773847341266372665576675588875
884884776367312486637254576675588875
884884776367312666637254857754588875
884884776367312666637258457754588875
884884776367312846637254576675588875
884884776367314286637254576675588875
884884776556127436772545878858736663
884884776556127436772545878858763663
884884776556127436772545878858766363
884884776556127436772545878858766633
884884776637312486637254576675588875
884884776637312666637254857754588875
884884776637312666637258457754588875
884884776637312846637254576675588875
884884776637314286637254576675588875
884884777348341276632665577665588875
884884777366312487663254577665588875
884884777366312667663254857754588875
884884777366312667663258457754588875
884884777366312847663254577665588875
884884777366314287663254577665588875
884884777384341276632665577665588875
884884777636312487663254577665588875
884884777636312667663254857754588875
884884777636312667663258457754588875
884884777636312847663254577665588875
884884777636314287663254577665588875
884884777663312487663254577665588875
884884777663312667663254857754588875
884884777663312667663258457754588875
884884777663312847663254577665588875
884884777663314287663254577665588875
884884777785488383453776565227666165
884884777785566682251883456547773663
884884777785566682251883456547776363
884884777785566683618833562254777654
884884777785566683618833564577722654
884884777785566683618833564577746522
884884777785566683618833565224777654
884884777785566683618833565477722654
884884777785566683618833565477746522
884884777785566684518832256547773663
884884777785566684518832256547776363
884884777785566684518834565227773663
884884777785566684518834565227776363
884884777785566685221883456547773663
884884777785566685221883456547776363
884884777785566685418832256547773663
884884777785566685418832256547776363
884884777785566685418834565227773663
884884777785566685418834565227776363
884884777785566686318833562254777654
884884777785566686318833564577722654
884884777785566686318833564577746522
884884777785566686318833565224777654
884884777785566686318833565477722654
884884777785566686318833565477746522
884884777785836683522837556541776664
884884777785848383453776565227666165
884884777785863683522837556541776664
884884777785866383522837556541776664
884884777785884383453776565227666165
884884783666358878575476742372761655
884884784377342173666625757665588875
884884786366358878575476742372761655
884884786636358878575476742372761655
884884786663358878575476742372761655
884884788855748575457666623271773663
884884788855748575457666623271776363
884884788855748575457666623271776633
884884788855766575548766423271776633
884884788855766575566766234827177343
884884788855766575566766238427177343
884884788855766575574866423271773663
884884788855766575574866423271776363
884884788855766575574866423271776633
884884788855766575576666234827177343
884884788855766575576666238427177343
884884788855766575578466243271773663
884884788855766575578466243271776363
884884788855766575578466243271776633
884884788855766575578466423271773663
884884788855766575578466423271776363
884884788855766575578466423271776633
884884788855766575584766423271776633
884884788855784575457666623271773663
