884884788855784575457666623271776363
884884788855784575457666623271776633
884884836667358878554776742327761655
884884843777342136676625756675588875
884884847377342173666625757665588875
884884863667358878554776742327761655
884884866367358878554776742327761655
884884866637358878554776742327761655
884884877773488583453677655722616665
884884877773668583538225765514776664
884884877773848583453677655722616665
884884877773884583453677655722616665
884884877776368583538225765514776664
884884877776638583538225765514776664
884884877776665581225388465547776363
884884877776665581225388465547776633
884884877776665581363883652254777654
884884877776665581363883654577762254
884884877776665581363883654577764522
884884877776665581363883655224777654
884884877776665581363883655477762254
884884877776665581363883655477764522
884884877776665581453886522547776363
884884877776665581453886522547776633
884884877776665581453886545227776363
884884877776665581453886545227776633
884884877776665581522388465547776363
884884877776665581522388465547776633
884884877776665581543886522547776363
884884877776665581543886522547776633
884884877776665581543886545227776363
884884877776665581543886545227776633
884884877776665581633883652254777654
884884877776665581633883654577762254
884884877776665581633883654577764522
884884877776665581633883655224777654
884884877776665581633883655477762254
884884877776665581633883655477764522
884884888573245767745675675281736663
884884888573245767745675675281763663
884884888575748575457666623217773663
884884888575748575457666623217776363
884884888575748575457666623217776633
884884888575766575548766423217773663
884884888575766575548766423217776363
884884888575766575548766423217776633
884884888575766575566766234821777343
884884888575766575566766238421777343
884884888575766575584766243217773663
884884888575766575584766243217776363
884884888575766575584766243217776633
884884888575766575584766423217773663
884884888575766575584766423217776363
884884888575766575584766423217776633
884884888575784575457666623217773663
884884888575784575457666623217776363
884884888575784575457666623217776633
884884888665736873577216655347772654
884884888665763873577216655347772654
885555668763744867825887337687172644
885555668763744867825887678733172644
885555668763744867825887768713376244
885555668763788672544887337687172644
885555668763788672544887678733172644
885555668763788672544887768713376244
885873227774183347548664576675588866
885873227774183347584664576675588866
886225544637555144677886833886687777
886225544637555144677886868863387777
886225544637555144687786338886687777
886225544637555144687786688863387777
886334468684465522831787687655587777
886338668444465522831787687655587777
886338668448655223178447687655587777
886338668448655223178876765554487777
886338668448655223178876765558777744
886347342716675525886545483886687777
886347342716675527776544835887588866
886356341277675425886545483886687777
886356341277675427776544835887588866
886356352767653244786744858875887176
886356352767653244786788587445887176
886356352767653244786788587858717644
886356352767653287446744858875887176
886356352767653287446788587445887716
886356352767653287446788587544887176
886356352767653287446788587678875144
886356352767653287446788587768871544
886356352767653287867445887445887176
886356352767653287867445887858717644
886356352767653287867854487445887176
886356352767653287867854487858717644
886356352767653287867858447445887716
886356352767653287867858447544887176
886356352767653287867858447678875144
886356352767653287867858447768871544
886356352767653287867858875448717644
886356352767653287867858875844717644
886365314277675425886545483886687777
886365314277675427776544835887588866
