886374342761675525886545483886687777
886374342761675527776544835887588866
886443368644868552231787687655587777
886443368688655223174487687655587777
886443368688655223178876764455587777
886443368688655223178876768555777744
886446833688677665522551883754487777
886446833688677665522551883758777744
886446833688677665525717737442588875
886446863344868552231787687655587777
886446863388655223174487687655587777
886446863388655223178876764455587777
886446863388655223178876768555777744
886446866448855223331787687655587777
886446866844552233831787687655587777
886446866883377665522551883754487777
886446866883377665522551883758777744
886446866883377665525717737442588875
886446866885522333174487687655587777
886446866885522333178876764455587777
886446866885522333178876768555777744
886446866886776553322551883754487777
886446866886776553322551883758777744
886446866886776553325717737442588875
886455224637555144677886833886687777
886455224637555144677886868863387777
886455224637555144687786338886687777
886455224637555144687786688863387777
886635314277675425886545483886687777
886635314277675427776544835887588866
886644233257678386778544187867876555
886644233257678386778581876744876555
886644233776565518887524477775388866
886644233776655144777785887355828866
886644233776655177744788857355888266
886644233776655177787885744355888266
886644233776655187777588744355828866
886644233776655188857577744273588866
886644233776655688861578885523777744
886644233776655744786358825875887176
886644233776655774486358852875881776
886644233776655784476538528875881776
886644233776655787446358582875881776
886644233776655787868578855281737644
886644233776655788768578852581773644
886644233776886778851786555258773644
886644233776887678851786555528737644
886644233776887678851786735442876555
886644233776888666552551883754487777
886644233776888666552551883758777744
886644233776888666555717737442588875
886644262577833386778544187867876555
886644262577833386778581876744876555
886644267756533518887524477775388866
886644267765533144777785887355828866
886644267765533177744788857355888266
886644267765533177787885744355888266
886644267765533187777588744355828866
886644267765533188857577744273588866
886644267765533688861578885523777744
886644267765533744786358825875887176
886644267765533774486358852875881776
886644267765533784476538528875881776
886644267765533787446358582875881776
886644267765533787868578855281737644
886644267765533788768578852581773644
886644267788336778851786555258773644
886644267788337678851786555528737644
886644267788337678851786735442876555
886644267788338666552551883754487777
886644267788338666552551883758777744
886644267788338666555717737442588875
886644267788686655332551883754487777
886644267788686655332551883758777744
886644267788686655335717737442588875
886644447565585188733767772273588866
886644447565585188767777233273588866
886644447565585188767887673827723653
886644447565585188767887673827726353
886644833688677665522551883754487777
886644833688677665522551883758777744
886644833688677665525717737442588875
886644857673441723365576788762588875
886644857673441726655733788762588875
886644857673441726655758887523388776
886644857673441726655758887526887733
886644857673441726655767887332588875
886644857673441726655773388765288875
886644857673441726655776887335288875
886644857673441726655785887533288776
886644857673441726655785887562887733
886644857733344682578271687876876555
886644857733368877625144827876876555
886644857733386825727164487876876555
886644857733386825727168877644876555
886644857763441723367556788762588875
886644857763441726675533788762588875
886644857763441726675558887523388776
886644857763441726675558887526887733
886644857763441726675567887332588875
