886644857763441726675573388765288875
886644857763441726675576887335288875
886644857763441726675585887533288776
886644857763441726675585887562887733
886644857763887337625144827876876555
886644857763887672513344827876876555
886644857763887678678751244338726555
886644857763887678678751244687255533
886644857763887678678751332448726555
886644857763887678678751334248726555
886644857763887678678751334428726555
886644857763887678678751335587652442
886644857763887678678751335587654242
886644857763887678678751335587654422
886644857763887678678751424338726555
886644857763887678678751424687255533
886644857763887678678751442338726555
886644857763887678678751442687255533
886644857763887678678751553387652442
886644857763887678678751553387654242
886644857763887678678751553387654422
886644857763887678678751556875244332
886644857763887678678751556875424332
886644857763887678678751556875442332
886644857763887678678751624487255533
886644857763887678678751642487255533
886644857763887678678751644287255533
886644857763887678678751655875244332
886644857763887678678751655875424332
886644857763887678678751655875442332
886644863384465522831787687655587777
886644866448855223331787687655587777
886644866844552233831787687655587777
886644866883377665522551883754487777
886644866883377665522551883758777744
886644866883377665525717737442588875
886644866885522333174487687655587777
886644866885522333178876764455587777
886644866885522333178876768555777744
886644866886776553322551883754487777
886644866886776553322551883758777744
886644866886776553325717737442588875
886644875335565885223166448877687777
886644875655544188733767772273588866
886644875655544188767777233273588866
886644875655544188767887673827723653
886644875655544188767887673827726353
886644875655588522333166448877687777
886644875655588522631644338877687777
886644875655588522631644688773387777
886682287768775368341588345654777654
886682287768775638341588345654777654
886683368844677665522551883754487777
886683368844677665522551883758777744
886683368844677665525717737442588875
886684873684388578577457643277261655
886684876384388578577457643277261655
886685528837544877771633775568826644
886685528837544877771644665533288776
886685528837544877771644665562887733
886685528837544877771666445523388776
886685528837544877771666445526887733
886685528837544877771667755883326644
886685528837544877771677335568866244
886685528837544877771677655883366244
886685528837587777441633775568826644
886685528837587777441644665533288776
886685528837587777441644665562887733
886685528837587777441666445523388776
886685528837587777441666445526887733
886685528837587777441667755883326644
886685528837587777441677335568866244
886685528837587777441677655883366244
886685767344441723365576788762588875
886685767344441726655733788762588875
886685767344441726655758887523388776
886685767344441726655758887526887733
886685767344441726655767887332588875
886685767344441726655773388765288875
886685767344441726655776887335288875
886685767344441726655785887533288776
886685767344441726655785887562887733
886685767384425655723376887445887716
886685767384425655723376887544887176
886685767384425655723376887678875144
886685767384425655723376887768871544
886685767384425655726788733445887716
886685767384425655726788733544887176
886685767384425655726788733678875144
886685767384425655726788733768871544
886685767384425655726788767883371544
886685773334444682578271687876876555
886685773334468877625144827876876555
886685773334486825727164487876876555
886685773334486825727168877644876555
886685773338446257824471687876876555
886685773338446257828716787446876555
886685773338446257828716787644876555
886685773338446257828716787687655544
886685773338446257828716787867655544
