886685773338687744625144827876876555
886685773338687786251442787446876555
886685773338687786251442787644876555
886685773338687786251442787687655544
886685773338687786251442787867655544
886685773338862572447164487876876555
886685773338862572447168877644876555
886685773338862572871644787446876555
886685773338862572871644787644876555
886685773338862572871644787687655544
886685773338862572871644787867655544
886685773338862572871687744644876555
886685773338862572871687764444876555
886685773338862572871687768447655544
886685773338862572871687786447655544
886685776344441723367556788762588875
886685776344441726675533788762588875
886685776344441726675558887523388776
886685776344441726675558887526887733
886685776344441726675567887332588875
886685776344441726675573388765288875
886685776344441726675576887335288875
886685776344441726675585887533288776
886685776344441726675585887562887733
886685776344887337625144827876876555
886685776344887672513344827876876555
886685776344887678678751244338726555
886685776344887678678751244687255533
886685776344887678678751332448726555
886685776344887678678751334248726555
886685776344887678678751334428726555
886685776344887678678751335587652442
886685776344887678678751335587654242
886685776344887678678751335587654422
886685776344887678678751424338726555
886685776344887678678751424687255533
886685776344887678678751442338726555
886685776344887678678751442687255533
886685776344887678678751553387652442
886685776344887678678751553387654242
886685776344887678678751553387654422
886685776344887678678751556875244332
886685776344887678678751556875424332
886685776344887678678751556875442332
886685776344887678678751624487255533
886685776344887678678751642487255533
886685776344887678678751644287255533
886685776344887678678751655875244332
886685776344887678678751655875424332
886685776344887678678751655875442332
886685776384425675523376887445887716
886685776384425675523376887544887176
886685776384425675523376887678875144
886685776384425675523376887768871544
886685776384425675526788733445887716
886685776384425675526788733544887176
886685776384425675526788733678875144
886685776384425675526788733768871544
886685776384425675526788767883371544
886685776388733744625144827876876555
886685776388733786251442787446876555
886685776388733786251442787644876555
886685776388733786251442787687655544
886685776388733786251442787867655544
886685776388767442513344827876876555
886685776388767448678751244338726555
886685776388767448678751244687255533
886685776388767448678751332448726555
886685776388767448678751334248726555
886685776388767448678751334428726555
886685776388767448678751335587652442
886685776388767448678751335587654242
886685776388767448678751335587654422
886685776388767448678751424338726555
886685776388767448678751424687255533
886685776388767448678751442338726555
886685776388767448678751442687255533
886685776388767448678751553387652442
886685776388767448678751553387654242
886685776388767448678751553387654422
886685776388767448678751556875244332
886685776388767448678751556875424332
886685776388767448678751556875442332
886685776388767448678751624487255533
886685776388767448678751642487255533
886685776388767448678751644287255533
886685776388767448678751655875244332
886685776388767448678751655875424332
886685776388767448678751655875442332
886685776388767825133442787446876555
886685776388767825133442787644876555
886685776388767825133442787687655544
886685776388767825133442787867655544
886685776388767886774451244338726555
886685776388767886774451244687255533
886685776388767886774451332448726555
886685776388767886774451334248726555
886685776388767886774451334428726555
886685776388767886774451335587652442
886685776388767886774451335587654242
