886685776388767886774451335587654422
886685776388767886774451424338726555
886685776388767886774451424687255533
886685776388767886774451442338726555
886685776388767886774451442687255533
886685776388767886774451553387652442
886685776388767886774451553387654242
886685776388767886774451553387654422
886685776388767886774451556875244332
886685776388767886774451556875424332
886685776388767886774451556875442332
886685776388767886774451624487255533
886685776388767886774451642487255533
886685776388767886774451644287255533
886685776388767886774451655875244332
886685776388767886774451655875424332
886685776388767886774451655875442332
886685776388767886778512443372655544
886685776388767886778512446725554433
886685776388767886778513324472655544
886685776388767886778513342472655544
886685776388767886778513344272655544
886685776388767886778513355765244442
886685776388767886778513355765424442
886685776388767886778513355765442442
886685776388767886778513355765444242
886685776388767886778513355765444422
886685776388767886778514243372655544
886685776388767886778514246725554433
886685776388767886778514423372655544
886685776388767886778514426725554433
886685776388767886778515533765244442
886685776388767886778515533765424442
886685776388767886778515533765442442
886685776388767886778515567524444332
886685776388767886778515567542444332
886685776388767886778515567544244332
886685776388767886778516244725554433
886685776388767886778516424725554433
886685776388767886778516442725554433
886685776388767886778516557524444332
886685776388767886778516557542444332
886685776388767886778516557544244332
886685776388767886778516557544424332
886685776388767886778516557544442332
886685788854377756427636863148727554
886685788854377756427636863184727554
886685788854377756427647754288136653
886685788854377756427647754288163653
886685788854377756427647754288166353
886685788854377756427655768214873643
886685788854377756427655768214876343
886685788854377756427655768218473643
886685788854377756427655768218476343
886685788854377756427656754128873643
886685788854377756427656754128876343
886685788854377756427663863148727554
886685788854377756427663863184727554
886685788854377756427665751428873643
886685788854377756427665751428876343
886685788854377756427674754288613653
886685788854377756427674754288616353
886685788854377756427675562814873643
886685788854377756427675562814876343
886685788854377756427675562818473643
886685788854377756427675562818476343
886685788854377756427683663148277554
886685788854377756427683663184277554
886685788854377756427686363148277554
886685788854377756427686363184277554
886685788854377756427686633148277554
886685788854377756427686633184277554
886686338444465522831787687655587777
886686338448655223178447687655587777
886686338448655223178876765554487777
886686338448655223178876765558777744
886686644448833225513786787655587777
886686644844855223331787687655587777
886686684444552233831787687655587777
886686684483322551374486787655587777
886686684483322551378867764455587777
886686684483322551378867768555777744
886686684485522333178447687655587777
886686684485522333178876765554487777
886686684485522333178876765558777744
886686688443377665522551883754487777
886686688443377665522551883758777744
886686688443377665525717737442588875
886686688445522333174487687655587777
886686688445522333178876764455587777
886686688445522333178876768555777744
886686688446776553322551883754487777
886686688446776553322551883758777744
886686688446776553325717737442588875
886687533554465885223166448877687777
886687533558658522316446448877687777
886687533558658522316864487764487777
886687533558658522316864487768777744
886687547585448165337467772273588866
886687547585448165674777233273588866
