886687547585448165674887673827723653
886687547585448165674887673827726353
886687547585484165337467772273588866
886687547585484165674777233273588866
886687547585484165674887673827723653
886687547585484165674887673827726353
886687556585414873374467772273588866
886687556585414876744777233273588866
886687556585414876744887673827723653
886687556585414876744887673827726353
886687556585418473374467772273588866
886687556585418476744777233273588866
886687556585418476744887673827723653
886687556585418476744887673827726353
886687565544544188733767772273588866
886687565544544188767777233273588866
886687565544544188767887673827723653
886687565544544188767887673827726353
886687565544588522333166448877687777
886687565544588522631644338877687777
886687565544588522631644688773387777
886687565585144873374467772273588866
886687565585144876744777233273588866
886687565585144876744887673827723653
886687565585144876744887673827726353
886687565585148473374467772273588866
886687565585148476744777233273588866
886687565585148476744887673827723653
886687565585148476744887673827726353
886687565585184473374467772273588866
886687565585184476744777233273588866
886687565585184476744887673827723653
886687565585184476744887673827726353
886687565585188733767772273544886644
886687565585188733767772273548486644
886687565585188733767772273548846644
886687565585188733767772273584486644
886687565585188733767772273584846644
886687565585188733767772273588446644
886687565585188736434457772643288776
886687565585188736434775472642388776
886687565585188736434788726432777654
886687565585188736434887726347727654
886687565585188743634457727643288776
886687565585188743634775427642388776
886687565585188743634788276432777654
886687565585188743634887276347727654
886687565585188746334457727643288776
886687565585188746334775427642388776
886687565585188746334788276432777654
886687565585188746334887276347727654
886687565585188763434457772643288776
886687565585188763434775472642388776
886687565585188763434788726432777654
886687565585188763434887726347727654
886687565585188767448767443827723653
886687565585188767448767443827726353
886687565585188767457767432488273643
886687565585188767457767432488276343
886687565585188767457767432848273643
886687565585188767457767432848276343
886687565585188767457767432884273643
886687565585188767457767432884276343
886687565585188767484767443827723653
886687565585188767484767443827726353
886687565585188767775467423884273643
886687565585188767775467423884276343
886687565585188767777233273544886644
886687565585188767777233273548486644
886687565585188767777233273548846644
886687565585188767777233273584486644
886687565585188767777233273584846644
886687565585188767777233273588446644
886687565585188767788674342277365443
886687565585188767788674342277635443
886687565585188767844767443827723653
886687565585188767844767443827726353
886687565585188767887673442772365443
886687565585188767887673442772635443
886687565585188776457767432882473643
886687565585188776457767432882476343
886687565585188776775467423882473643
886687565585188776775467423882476343
886687565585188776788674324277365443
886687565585188776788674324277635443
886687565585188776887673424772365443
886687565585188776887673424772635443
886687565585852233316446448877687777
886687565585852233316864487764487777
886687565585852233316864487768777744
886687565585852263164444338877687777
886687565585852263164444688773387777
886687565585852263168443387764487777
886687565585852263168443387768777744
886687565585852263168446877443387777
886687565585852263168446877833777744
886687574585448615337467772273588866
886687574585448615674777233273588866
886687574585448615674887673827723653
886687574585448615674887673827726353
