886687574585484615337467772273588866
886687574585484615674777233273588866
886687574585484615674887673827723653
886687574585484615674887673827726353
886687588853477536443427726556188776
886687588853477543643427276556188776
886687588853477546343427276556188776
886687588853477563443427726556188776
886687588853477567427647574882163653
886687588853477567427647574882166353
886687588853477567427656574188273643
886687588853477567427656574188276343
886687588853477567427665571488273643
886687588853477567427665571488276343
886687588853477567427665571848273643
886687588853477567427665571848276343
886687588853477567427665571884273643
886687588853477567427665571884276343
886687588853477567427674574882613653
886687588853477567427674574882616353
886687588853477576427665571882473643
886687588853477576427665571882476343
886687588857655364334417277254688776
886687588857655436334417272754688776
886687588857655463334417272754688776
886687588857655634334417277254688776
886687588857655673417276574488273643
886687588857655673417276574488276343
886687588857655673417276574848273643
886687588857655673417276574848276343
886687588857655673417276574884273643
886687588857655673417276574884276343
886687588857655763417276574882473643
886687588857655763417276574882476343
886688228356634137778788546554777654
886688228356634137778788564554777654
886688228536634137778788546554777654
886688228536634137778788564554777654
886688473684388578577457643277261655
886688476384388578577457643277261655
886772434766661588274458757363588875
886772434766661588274458757633588875
886772434766661588278575736443588875
886772434766661588278575763443588875
886772477576432666645375888145388875
886772477576432888453756666145388875
886772477576432888453758881453766665
886772477576456666347158885343888275
886772477576456666434133288857588875
886772477576456666758883432413588875
886772477576458883471566665343888275
886772477576458883471588853432766665
886772477576458884341332576666588875
886772477576458884341332578885766665
886772477576458887534666632413588875
886772477576458887534888324135766665
886772477756423666654375888413588875
886772477756423888543756666413588875
886772477756423888543758884135766665
886772477756456666343142388857588875
886772477756456666431758885433888725
886772477756456666758884323145388875
886772477756458883431423566667588875
886772477756458883431423576666588875
886772477756458883431423578885766665
886772477756458883431423588875766665
886772477756458884317566665433888725
886772477756458884317588854337266665
886772477756458887543666623145388875
886772477756458887543888231453766665
886773326644888578716876555258773644
886773326656544518887524477775388866
886773326665544144777785887355828866
886773326665544177744788857355888266
886773326665544177787885744355888266
886773326665544187777588744355828866
886773326665544188857577744273588866
886773326665544688861578885523777744
886773326665544744786358825875887176
886773326665544774486358852875881776
886773326665544784476538528875881776
886773326665544787446358582875881776
886773326665544787868578855281737644
886773326665544788768578852581773644
886773326688446778851786555258773644
886773326688447678851786555528737644
886773326688447678851786735442876555
886773326688448666552551883754487777
886773326688448666552551883758777744
886773326688448666555717737442588875
886773326688857448716876555258773644
886773326688857887167446555258773644
886773326688857887167644555258773644
886773326688857887167685552577364444
886773326688857887167865552577364444
886773326688866655442551883754487777
886773326688866655442551883758777744
886773326688866655445717737442588875
886773344688686665522551883754487777
886773344688686665522551883758777744
