886773344688686665525717737442588875
886773364488686665522551883754487777
886773364488686665522551883758777744
886773364488686665525717737442588875
886773368886664465522551883754487777
886773368886664465522551883758777744
886773368886664465525717737442588875
886773386886622646554551883754487777
886773386886622646554551883758777744
886773386886646465522551883754487777
886773386886646465522551883758777744
886773386886662246554551883754487777
886773386886662246554551883758777744
886773386886664465522551883754487777
886773386886664465522551883758777744
886773386886664465525717737442588875
886775174488582567734486556623388776
886775174488582567734486556626887733
886775178885254467734486556623388776
886775178885254467734486556626887733
886775178885258677344655337768826644
886775178885258677344655446633288776
886775178885258677344655446662887733
886775178885258677344655664423388776
886775178885258677344655664426887733
886775178885258677344655677883326644
886775178885258677344655773368866244
886775178885258677344655776883366244
886775178885783648343472866547726655
886775178885783666334487285447726655
886775178885783666334667285448772554
886775178885783666334667285484772554
886775178885783666334748285447726655
886775178885783666334766285448772554
886775178885783666334766285484772554
886775178885783666334784285447726655
886775178885783666334847285447726655
886775178885783684343472866547726655
886775178885784368343427866547726655
886775178885784638343427866547726655
886775178885784836343472866547726655
886775178885784863343472866547726655
886775178885786348343472866547726655
886775178885786366334487285447726655
886775178885786366334667285448772554
886775178885786366334667285484772554
886775178885786366334748285447726655
886775178885786366334766285448772554
886775178885786366334766285484772554
886775178885786366334784285447726655
886775178885786366334847285447726655
886775178885786384343472866547726655
886775178885786636334487285447726655
886775178885786636334667285448772554
886775178885786636334667285484772554
886775178885786636334748285447726655
886775178885786636334766285448772554
886775178885786636334766285484772554
886775178885786636334784285447726655
886775178885786636334847285447726655
886775178885786663334487285447726655
886775178885786663334667285448772554
886775178885786663334667285484772554
886775178885786663334748285447726655
886775178885786663334766285448772554
886775178885786663334766285484772554
886775178885786663334784285447726655
886775178885786663334847285447726655
886775178885786783467865442723665543
886775178885786783467865442726365543
886775178885786783467865442726635543
886775178885787683467865424723665543
886775178885787683467865424726365543
886775178885788436343472866547726655
886775178885788463343472866547726655
886775187885783648347723566254876654
886775187885783648347723566258476654
886775187885783662423677835454876654
886775187885783662423677835458476654
886775187885783664223677835454876654
886775187885783664223677835458476654
886775187885783666374872352454876654
886775187885783666374872352458476654
886775187885783666376672352548487544
886775187885783666376672352548847544
886775187885783666376672352584487544
886775187885783666376672352584847544
886775187885783666377482352454876654
886775187885783666377482352458476654
886775187885783666377662352548487544
886775187885783666377662352548847544
886775187885783666377662352584487544
886775187885783666377662352584847544
886775187885783666377824352454876654
886775187885783666377824352458476654
886775187885783666377842352454876654
886775187885783666377842352458476654
886775187885783666378472352454876654
886775187885783666378472352458476654
886775187885783684347723566254876654
