886775187885783684347723566258476654
886775187885784368347273566254876654
886775187885784368347273566258476654
886775187885784638347273566254876654
886775187885784638347273566258476654
886775187885784836347723566254876654
886775187885784836347723566258476654
886775187885784863347723566254876654
886775187885784863347723566258476654
886775187885786348347723566254876654
886775187885786348347723566258476654
886775187885786362423677835454876654
886775187885786362423677835458476654
886775187885786364223677835454876654
886775187885786364223677835458476654
886775187885786366374872352454876654
886775187885786366374872352458476654
886775187885786366376672352548487544
886775187885786366376672352548847544
886775187885786366376672352584487544
886775187885786366376672352584847544
886775187885786366377482352454876654
886775187885786366377482352458476654
886775187885786366377662352548487544
886775187885786366377662352548847544
886775187885786366377662352584487544
886775187885786366377662352584847544
886775187885786366377824352454876654
886775187885786366377824352458476654
886775187885786366377842352454876654
886775187885786366377842352458476654
886775187885786366378472352454876654
886775187885786366378472352458476654
886775187885786384347723566254876654
886775187885786384347723566258476654
886775187885786632423677835454876654
886775187885786632423677835458476654
886775187885786634223677835454876654
886775187885786634223677835458476654
886775187885786636374872352454876654
886775187885786636374872352458476654
886775187885786636376672352548487544
886775187885786636376672352548847544
886775187885786636376672352584487544
886775187885786636376672352584847544
886775187885786636377482352454876654
886775187885786636377482352458476654
886775187885786636377662352548487544
886775187885786636377662352548847544
886775187885786636377662352584487544
886775187885786636377662352584847544
886775187885786636377824352454876654
886775187885786636377824352458476654
886775187885786636377842352454876654
886775187885786636377842352458476654
886775187885786636378472352454876654
886775187885786636378472352458476654
886775187885786663374872352454876654
886775187885786663374872352458476654
886775187885786663376672352548487544
886775187885786663376672352548847544
886775187885786663376672352584487544
886775187885786663376672352584847544
886775187885786663377482352454876654
886775187885786663377482352458476654
886775187885786663377662352548487544
886775187885786663377662352548847544
886775187885786663377662352584487544
886775187885786663377662352584847544
886775187885786663377824352454876654
886775187885786663377824352458476654
886775187885786663377842352454876654
886775187885786663377842352458476654
886775187885786663378472352454876654
886775187885786663378472352458476654
886775187885786787673562542483665443
886775187885786787673562542486365443
886775187885786787673562542486635443
886775187885786787673562542843665443
886775187885786787673562542846365443
886775187885786787673562542846635443
886775187885787687673562524483665443
886775187885787687673562524486365443
886775187885787687673562524843665443
886775187885787687673562524846365443
886775187885788436347723566254876654
886775187885788436347723566258476654
886775187885788463347723566254876654
886775187885788463347723566258476654
886776446888336665522551883754487777
886776446888336665522551883758777744
886776446888336665525717737442588875
886776446888666553322551883754487777
886776446888666553322551883758777744
886776446888666553325717737442588875
886776644888336665522551883754487777
886776644888336665522551883758777744
886776644888336665525717737442588875
886776644888666553322551883754487777
886776644888666553322551883758777744
