886776644888666553325717737442588875
886776684444877683322558137867876555
886776688447768443322558137867876555
886776688447768833225513784467876555
886776688447768833225513788677655544
886776688447768854478356733221876555
886776688447768854478867765553533122
886776688447768858735673322441876555
886776688447768858786774465553533122
886776688833664465522551883754487777
886776688833664465522551883758777744
886776688833664465525717737442588875
886776688851788852572336557677364444
886776688851788852572665577733364444
886776688866446553322551883754487777
886776688866446553322551883758777744
886776688866446553325717737442588875
886776778864468866285337552487375514
886776778864468866285547713874255533
886776778864468866285553372487731554
886776778864468866285573354287371554
886776778864468866287335554283775514
886776778864468866287455731874552533
886776778864468866287554713847525533
886776778864468866287745531847555233
886776868833622646554551883754487777
886776868833622646554551883758777744
886776868833646465522551883754487777
886776868833646465522551883758777744
886776868833662246554551883754487777
886776868833662246554551883758777744
886776868833664465522551883754487777
886776868833664465522551883758777744
886776868833664465525717737442588875
886776868866224655433551883754487777
886776868866224655433551883758777744
886776868866446553322551883754487777
886776868866446553322551883758777744
886776868866446553325717737442588875
886833664484226485531787687655587777
886833664484468552231787687655587777
886833668842264553174487687655587777
886833668842264553178876764455587777
886833668842264553178876768555777744
886833668844655223174487687655587777
886833668844655223178876764455587777
886833668844655223178876768555777744
886863368844677665522551883754487777
886863368844677665522551883758777744
886863368844677665525717737442588875
886866334484226485531787687655587777
886866334484468552231787687655587777
886866338842264553174487687655587777
886866338842264553178876764455587777
886866338842264553178876768555777744
886866338844655223174487687655587777
886866338844655223178876764455587777
886866338844655223178876768555777744
886866644842248553331787687655587777
886866644844855223331787687655587777
886866684444552233831787687655587777
886866688422455333174487687655587777
886866688422455333178876764455587777
886866688422455333178876768555777744
886866688443377665522551883754487777
886866688443377665522551883758777744
886866688443377665525717737442588875
886866688445522333174487687655587777
886866688445522333178876764455587777
886866688445522333178876768555777744
886866688446776553322551883754487777
886866688446776553322551883758777744
886866688446776553325717737442588875
887247267347364413566667588857588875
887247267347364413588875566667588875
887247267347364413588875576666588875
887247267347364413588875578885766665
887247267347364413588875588875766665
887247267347368135887544566667588875
887247267347368135887544576666588875
887247267347368135887544578885766665
887247267347368135887544588875766665
887247267347368135887585788445766665
887247267347634413566667588857588875
887247267347634413588875566667588875
887247267347634413588875576666588875
887247267347634413588875578885766665
887247267347634413588875588875766665
887247267347638135887544566667588875
887247267347638135887544576666588875
887247267347638135887544578885766665
887247267347638135887544588875766665
887247267347638135887585788445766665
887337672588857655677442671443588866
887337672588857655677442671835886644
887364347216548645856755328886687777
887364347216584645856755328886687777
887364347216755627776454358887588866
887364347216755627776544538887588866
887364347234772654767885861557588866
