887364347274576432716655758887588866
887364347278867766555854864523887716
887364347278867766555858464523887716
887427267347364413566667588857588875
887427267347364413588875566667588875
887427267347364413588875576666588875
887427267347364413588875578885766665
887427267347364413588875588875766665
887427267347368135887544566667588875
887427267347368135887544576666588875
887427267347368135887544578885766665
887427267347368135887544588875766665
887427267347368135887585788445766665
887427267347634413566667588857588875
887427267347634413588875566667588875
887427267347634413588875576666588875
887427267347634413588875578885766665
887427267347634413588875588875766665
887427267347638135887544566667588875
887427267347638135887544576666588875
887427267347638135887544578885766665
887427267347638135887544588875766665
887427267347638135887585788445766665
887436342716755627776454358887588866
887436342716755627776544538887588866
887436342734772654767885861557588866
887436342774576432716655758887588866
887436342778867766555854864523887716
887436342778867766555858464523887716
887445713378867766555287442673588866
887445716788585267374486556623388776
887445716788585267374486556626887733
887445716788733766555287442673588866
887445716788767655335287442673588866
887445857736538887524778826347666615
887445857736538887526576661443882776
887445857736538887542778826347666615
887445857736538887567788243427666615
887445857736538887567788423427666615
887445857736538887572478826347666165
887445857736538887574278826347666165
887445857736538887576788243427666165
887445857736538887576788423427666165
887445857736538887576788634766615242
887445857736538887576788634766615422
887445857763538887524778826347666615
887445857763538887526576661443882776
887445857763538887542778826347666615
887445857763538887567788243427666615
887445857763538887567788423427666615
887445857763538887572478826347666165
887445857763538887574278826347666165
887445857763538887576788243427666165
887445857763538887576788423427666165
887445857763538887576788634766615242
887445857763538887576788634766615422
887463342716755627776454358887588866
887463342716755627776544538887588866
887463342734772654767885861557588866
887463342774576432716655758887588866
887463342778867766555854864523887716
887463342778867766555858464523887716
887544176788585267374486556623388776
887544176788585267374486556626887733
887544176788733766555287442673588866
887544176788767655335287442673588866
887544857736538887524778826347666615
887544857736538887526576661443882776
887544857736538887542778826347666615
887544857736538887567788243427666615
887544857736538887567788423427666615
887544857736538887572478826347666165
887544857736538887574278826347666165
887544857736538887576788243427666165
887544857736538887576788423427666165
887544857736538887576788634766615242
887544857736538887576788634766615422
887544857763538887524778826347666615
887544857763538887526576661443882776
887544857763538887542778826347666615
887544857763538887567788243427666615
887544857763538887567788423427666615
887544857763538887572478826347666165
887544857763538887574278826347666165
887544857763538887576788243427666165
887544857763538887576788423427666165
887544857763538887576788634766615242
887544857763538887576788634766615422
887585437638876784564276543561288776
887585773644538887524778826347666615
887585773644538887526576661443882776
887585773644538887542778826347666615
887585773644538887567788243427666615
887585773644538887567788423427666615
887585773644538887572478826347666165
887585773644538887574278826347666165
887585773644538887576788243427666165
887585773644538887576788423427666165
887585773644538887576788634766615242
887585773644538887576788634766615422
