887585773685388741324276788445766665
887585773685388741342276788445766665
887585773685388741367788242445766665
887585773685388741367788422445766665
887585773685388754424778826347666615
887585773685388754426576661443882776
887585773685388754442778826347666615
887585773685388754467788243427666615
887585773685388754467788423427666615
887585773685388754472478826347666165
887585773685388754474278826347666165
887585773685388754476788243427666165
887585773685388754476788423427666165
887585773685388754476788634766615242
887585773685388754476788634766615422
887585776344538887524778826347666615
887585776344538887526576661443882776
887585776344538887542778826347666615
887585776344538887567788243427666615
887585776344538887567788423427666615
887585776344538887572478826347666165
887585776344538887574278826347666165
887585776344538887576788243427666165
887585776344538887576788423427666165
887585776344538887576788634766615242
887585776344538887576788634766615422
887585776385388741324276788445766665
887585776385388741342276788445766665
887585776385388741367788242445766665
887585776385388741367788422445766665
887585776385388754424778826347666615
887585776385388754426576661443882776
887585776385388754442778826347666615
887585776385388754467788243427666615
887585776385388754467788423427666615
887585776385388754472478826347666165
887585776385388754474278826347666165
887585776385388754476788243427666165
887585776385388754476788423427666165
887585776385388754476788634766615242
887585776385388754476788634766615422
887585788233767655677442671443588866
887585788233767655677442671835886644
887585788267733655677442671443588866
887585788267733655677442671835886644
887634347216548645856755328886687777
887634347216584645856755328886687777
887634347216755627776454358887588866
887634347216755627776544538887588866
887634347234772654767885861557588866
887634347274576432716655758887588866
887634347278867766555854864523887716
887634347278867766555858464523887716
887672473473624413566667588857588875
887672473473624413588875566667588875
887672473473624413588875576666588875
887672473473624413588875578885766665
887672473473624413588875588875766665
887672473473628135887544566667588875
887672473473628135887544576666588875
887672473473628135887544578885766665
887672473473628135887544588875766665
887672473473628135887585788445766665
887672473476324413566667588857588875
887672473476324413588875566667588875
887672473476324413588875576666588875
887672473476324413588875578885766665
887672473476324413588875588875766665
887672473476328135887544566667588875
887672473476328135887544576666588875
887672473476328135887544578885766665
887672473476328135887544588875766665
887672473476328135887585788445766665
887673372588857655677442671443588866
887673372588857655677442671835886644
887674273473624413566667588857588875
887674273473624413588875566667588875
887674273473624413588875576666588875
887674273473624413588875578885766665
887674273473624413588875588875766665
887674273473628135887544566667588875
887674273473628135887544576666588875
887674273473628135887544578885766665
887674273473628135887544588875766665
887674273473628135887585788445766665
887674273476324413566667588857588875
887674273476324413588875566667588875
887674273476324413588875576666588875
887674273476324413588875578885766665
887674273476324413588875588875766665
887674273476328135887544566667588875
887674273476328135887544576666588875
887674273476328135887544578885766665
887674273476328135887544588875766665
887674273476328135887585788445766665
887675174488585267374486556623388776
887675174488585267374486556626887733
887675174488733766555287442673588866
887675174488767655335287442673588866
887675178885524467374486556623388776
