887675178885524467374486556626887733
887675178885528673744655337768826644
887675178885528673744655446633288776
887675178885528673744655446662887733
887675178885528673744655664423388776
887675178885528673744655664426887733
887675178885528673744655677883326644
887675178885528673744655773368866244
887675178885528673744655776883366244
887676167755422773645434358887588866
887676167755422773654434538887588866
887676167755422776345434358887588866
887676167755422776354434538887588866
887676347772544236788435861557588866
887676347772544263788435861557588866
887676774574423216365574358887588866
887676774574423216635574358887588866
887676778842736655435854864523887716
887676778842736655435858464523887716
887676778842763655435854864523887716
887676778842763655435858464523887716
887724267437361835887585788445766665
887724267437631835887585788445766665
887733666244888758176875376244876555
887733666256544518887524477775388866
887733666256585188744524477775388866
887733666265544144777785887355828866
887733666265544177744788857355888266
887733666265544177787885744355888266
887733666265544187777588744355828866
887733666265544188857577744273588866
887733666265544688861578885523777744
887733666265544744786358825875887176
887733666265544774486358852875881776
887733666265544784476538528875881776
887733666265544787446358582875881776
887733666265544787868578855281737644
887733666265544788768578852581773644
887733666265581777744885744355888266
887733666265581777784485744355888266
887733666265581777784845744355888266
887733666265581777788445744355888266
887733666265581777788857355448826644
887733666265581777788857355484826644
887733666265581777788857355488426644
887733666265581777788857355844826644
887733666265581777788857355848426644
887733666265581777788857355884426644
887733666265586886441578885523777744
887733666265586886815788544523777744
887733666265587447635448825875887176
887733666265587447635888257445887716
887733666265587447635888257544887176
887733666265587447635888257678875144
887733666265587447635888257768871544
887733666265587447644358582875881776
887733666265587447683585827445887176
887733666265587447683585827544881776
887733666265587447683585827678875144
887733666265587447683585827768871544
887733666265587744635448852875881776
887733666265587744635888527544881776
887733666265587876354458287445881776
887733666265587876354458287858177644
887733666265587876358544287445881776
887733666265587876358544287858177644
887733666265587876358582447445887176
887733666265587876358582447544881776
887733666265587876358582447678875144
887733666265587876358582447768871544
887733666265587876358582875448177644
887733666265587876358582875844177644
887733666265587876448578855281737644
887733666265587876885785445281737644
887733666284487167835544827867876555
887733666284487167835588276744876555
887733666288446778851786555258773644
887733666288447678851786555528737644
887733666288447678851786735442876555
887733666288448666552551883754487777
887733666288448666552551883758777744
887733666288448666555717737442588875
887733666288875448176875376244876555
887733666288875881767445376244876555
887733666288875881767655544528737644
887733666288875881767655585273764444
887733666288875881767673544442876555
887733666288875881767673584427655544
887733666288875881767853762447655544
887733675288857655677442671443588866
887733675288857655677442671835886644
887742267437361835887585788445766665
887742267437631835887585788445766665
887761574488585267374486556623388776
887761574488585267374486556626887733
887761574488733766555287442673588866
887761574488767655335287442673588866
887762474373621835887585788445766665
887762474376321835887585788445766665
887763366244888758176875376244876555
