887763366256544518887524477775388866
887763366256585188744524477775388866
887763366265544144777785887355828866
887763366265544177744788857355888266
887763366265544177787885744355888266
887763366265544187777588744355828866
887763366265544188857577744273588866
887763366265544688861578885523777744
887763366265544744786358825875887176
887763366265544774486358852875881776
887763366265544784476538528875881776
887763366265544787446358582875881776
887763366265544787868578855281737644
887763366265544788768578852581773644
887763366265581777744885744355888266
887763366265581777784485744355888266
887763366265581777784845744355888266
887763366265581777788445744355888266
887763366265581777788857355448826644
887763366265581777788857355484826644
887763366265581777788857355488426644
887763366265581777788857355844826644
887763366265581777788857355848426644
887763366265581777788857355884426644
887763366265586886441578885523777744
887763366265586886815788544523777744
887763366265587447635448825875887176
887763366265587447635888257445887716
887763366265587447635888257544887176
887763366265587447635888257678875144
887763366265587447635888257768871544
887763366265587447644358582875881776
887763366265587447683585827445887176
887763366265587447683585827544881776
887763366265587447683585827678875144
887763366265587447683585827768871544
887763366265587744635448852875881776
887763366265587744635888527544881776
887763366265587876354458287445881776
887763366265587876354458287858177644
887763366265587876358544287445881776
887763366265587876358544287858177644
887763366265587876358582447445887176
887763366265587876358582447544881776
887763366265587876358582447678875144
887763366265587876358582447768871544
887763366265587876358582875448177644
887763366265587876358582875844177644
887763366265587876448578855281737644
887763366265587876885785445281737644
887763366284487167835544827867876555
887763366284487167835588276744876555
887763366288446778851786555258773644
887763366288447678851786555528737644
887763366288447678851786735442876555
887763366288448666552551883754487777
887763366288448666552551883758777744
887763366288448666555717737442588875
887763366288875448176875376244876555
887763366288875881767445376244876555
887763366288875881767655544528737644
887763366288875881767655585273764444
887763366288875881767673544442876555
887763366288875881767673584427655544
887763366288875881767853762447655544
887763375288857655677442671443588866
887763375288857655677442671835886644
887764274373621835887585788445766665
887764274376321835887585788445766665
887766167755242773645434358887588866
887766167755242773654434538887588866
887766167755242776345434358887588866
887766167755242776354434538887588866
887766185548438538755384226666487777
887766185584438538755384226666487777
887766347772542436788435861557588866
887766347772542463788435861557588866
887766365655334478226744858875881776
887766365655334478226788587445881776
887766365655334478226788587858177644
887766365655338744226744858875881776
887766365655338744226788587445887176
887766365655338744226788587544881776
887766365655338744226788587678875144
887766365655338744226788587768871544
887766365655338782267445887445881776
887766365655338782267445887858177644
887766365655338782267854487445881776
887766365655338782267854487858177644
887766365655338782267858447445887176
887766365655338782267858447544881776
887766365655338782267858447678875144
887766365655338782267858447768871544
887766365655338782267858875448177644
887766365655338782267858875844177644
887766365844371386227854487867876555
887766365844371386227858876744876555
887766635655334478226744858875881776
887766635655334478226788587445881776
887766635655334478226788587858177644
