887766635655338744226744858875881776
887766635655338744226788587445887176
887766635655338744226788587544881776
887766635655338744226788587678875144
887766635655338744226788587768871544
887766635655338782267445887445881776
887766635655338782267445887858177644
887766635655338782267854487445881776
887766635655338782267854487858177644
887766635655338782267858447445887176
887766635655338782267858447544881776
887766635655338782267858447678875144
887766635655338782267858447768871544
887766635655338782267858875448177644
887766635655338782267858875844177644
887766635844371386227854487867876555
887766635844371386227858876744876555
887766774574243213665574358887588866
887766774574243216365574358887588866
887766774574243216635574358887588866
887766778824736655435854864523887716
887766778824736655435858464523887716
887766778824763655435854864523887716
887766778824763655435858464523887716
887766868815788855273326557673764444
887766868815788855276265577333764444
887855773644538887524778826347666615
887855773644538887526576661443882776
887855773644538887542778826347666615
887855773644538887567788243427666615
887855773644538887567788423427666615
887855773644538887572478826347666165
887855773644538887574278826347666165
887855773644538887576788243427666165
887855773644538887576788423427666165
887855773644538887576788634766615242
887855773644538887576788634766615422
887855773685388714243276788445766665
887855773685388714423276788445766665
887855773685388714637487822445766665
887855773685388714637667822454876654
887855773685388714637667822458476654
887855773685388714637748822445766665
887855773685388714637766646588272544
887855773685388714637766822454876654
887855773685388714637766822458476654
887855773685388714637784822445766665
887855773685388714637788242445766665
887855773685388714637788422445766665
887855773685388714637847822445766665
887855773685388754424778826347666615
887855773685388754426576661443882776
887855773685388754442778826347666615
887855773685388754467788243427666615
887855773685388754467788423427666615
887855773685388754472478826347666165
887855773685388754474278826347666165
887855773685388754476788243427666165
887855773685388754476788423427666165
887855773685388754476788634766615242
887855773685388754476788634766615422
887855776344538887524778826347666615
887855776344538887526576661443882776
887855776344538887542778826347666615
887855776344538887567788243427666615
887855776344538887567788423427666615
887855776344538887572478826347666165
887855776344538887574278826347666165
887855776344538887576788243427666165
887855776344538887576788423427666165
887855776344538887576788634766615242
887855776344538887576788634766615422
887855776385388714243276788445766665
887855776385388714423276788445766665
887855776385388714637487822445766665
887855776385388714637667822454876654
887855776385388714637667822458476654
887855776385388714637748822445766665
887855776385388714637766646588272544
887855776385388714637766822454876654
887855776385388714637766822458476654
887855776385388714637784822445766665
887855776385388714637788242445766665
887855776385388714637788422445766665
887855776385388714637847822445766665
887855776385388754424778826347666615
887855776385388754426576661443882776
887855776385388754442778826347666615
887855776385388754467788243427666615
887855776385388754467788423427666615
887855776385388754472478826347666165
887855776385388754474278826347666165
887855776385388754476788243427666165
887855776385388754476788423427666165
887855776385388754476788634766615242
887855776385388754476788634766615422
887855788332767655677442671443588866
887855788332767655677442671835886644
887855788627733655677442671443588866
887855788627733655677442671835886644
