887855788627766557337442671443588866
887855788627766557337442671835886644
888444667833357547186877682672876555
888444667833357547188677686272876555
888444667854571333786877682672876555
888444667854571333788677686272876555
888444667854571367887337686272876555
888444667854571367887678627332876555
888444668333757541786876782672876555
888444668333757541788676786272876555
888444668547571333786876782672876555
888444668547571333788676786272876555
888444668547571367887336786272876555
888444668547571367887678627332876555
888444668733357547188676786272876555
888444668754571333788676786272876555
888444668754571367887336786272876555
888484225777645468853638316665587777
888484225777645468856338316665587777
888484366687388578574577643272761655
888484366777348213667245756675588875
888484366777366213667254875754588875
888484366777366213667258475754588875
888484366777382413667245756675588875
888484366777384213667245756675588875
888484367776322568854543816665587777
888484367776345688522543816665587777
888484367776345688545382216665587777
888484367776352268854543816665587777
888484367776354688522543816665587777
888484367776354688545382216665587777
888484368766372751665577746548883275
888484457767432656577518273675388866
888484457767432656577518276375388866
888484457776225468853638316665587777
888484457776225468856338316665587777
888484457776456885223638316665587777
888484457776456885226338316665587777
888484483777342136676625756675588875
888484487377342173666625757665588875
888484522777645468853638316665587777
888484522777645468856338316665587777
888484547776225468853638316665587777
888484547776225468856338316665587777
888484547776456885223638316665587777
888484547776456885226338316665587777
888484588875775485457666632277173663
888484588875775485457666632277176363
888484588875775485457666632277176633
888484588875775665548766324277173663
888484588875775665548766324277176363
888484588875775665548766324277176633
888484588875775665548766342277173663
888484588875775665548766342277176363
888484588875775665548766342277176633
888484588875775665566766322487717343
888484588875775665566766322847717343
888484588875775665574866324277173663
888484588875775665576666322487717343
888484588875775665576666322847717343
888484588875775665578466324277173663
888484588875775665584766324277173663
888484588875775665584766324277176363
888484588875775665584766324277176633
888484588875775845457666632277173663
888484588875775845457666632277176363
888484588875775845457666632277176633
888484636687388578574577643272761655
888484636777348213667245756675588875
888484636777366213667254875754588875
888484636777366213667258475754588875
888484636777382413667245756675588875
888484636777384213667245756675588875
888484637776322568854543816665587777
888484637776345688522543816665587777
888484637776345688545382216665587777
888484637776352268854543816665587777
888484637776354688522543816665587777
888484637776354688545382216665587777
888484638766372751665577746548883275
888484655677721634277548588758736663
888484655677721634277548588758763663
888484655677721634277548588758766363
888484655677721634277548588758766633
888484663687388578574577643272761655
888484663777348213667245756675588875
888484663777366213667254875754588875
888484663777366213667258475754588875
888484663777382413667245756675588875
888484663777384213667245756675588875
888484664776457618555388223665387777
888484664776457618555388226365387777
888484664776457618555388226635387777
888484666387388578574577643272761655
888484666576122577665538488354387777
888484666576122577665538848354387777
888484666576122577665538884354387777
888484667377348217366245757665588875
888484667377384217366245757665588875
888484667836357276156547776543888725
