888484667863357276156547776543888725
888484668887578365372761556432777654
888484668887578635372761556432777654
888484675666221677556583488354387777
888484675666221677556583848354387777
888484675666221677556583884354387777
888484677466467558155832283665387777
888484677466467558155832286365387777
888484677466467558155832286635387777
888484677722545645883683366615587777
888484677722545645886383366615587777
888484677736362255884583466615587777
888484677736364558822583466615587777
888484677736364558845832266615587777
888484677736365225884583466615587777
888484677736365458822583466615587777
888484677736365458845832266615587777
888484677745225645883683366615587777
888484677745225645886383366615587777
888484677745456588223683366615587777
888484677745456588226383366615587777
888484677752245645883683366615587777
888484677752245645886383366615587777
888484677754225645883683366615587777
888484677754225645886383366615587777
888484677754456588223683366615587777
888484677754456588226383366615587777
888484677763362255884583466615587777
888484677763364558822583466615587777
888484677763364558845832266615587777
888484677763365225884583466615587777
888484677763365458822583466615587777
888484677763365458845832266615587777
888484736668388578577457643277261655
888484736677348217366245757665588875
888484736677366217366254875754588875
888484736677366217366258475754588875
888484736677382417366245757665588875
888484736677384217366245757665588875
888484748377342173666625757665588875
888484758882354776745676575182766363
888484758882354776745676575182766633
888484758885775485457666632277713663
888484758885775485457666632277716363
888484758885775485457666632277716633
888484758885775665574866324277713663
888484758885775665574866324277716363
888484758885775665574866324277716633
888484758885775665574866342277713663
888484758885775665574866342277716363
888484758885775665574866342277716633
888484758885775665576666322487771343
888484758885775665576666322847771343
888484758885775665578466324277713663
888484758885775665578466324277716363
888484758885775665578466324277716633
888484758885775845457666632277713663
888484758885775845457666632277716363
888484758885775845457666632277716633
888484763668388578577457643277261655
888484763677348217366245757665588875
888484763677366217366254875754588875
888484763677366217366258475754588875
888484763677382417366245757665588875
888484763677384217366245757665588875
888484765567127436727545888758736663
888484765567127436727545888758763663
888484765567127436727545888758766363
888484765567127436727545888758766633
888484765567721634727548578858736663
888484765567721634727548578858763663
888484765567721634727548578858766363
888484765567721634727548578858766633
888484766368388578577457643277261655
888484766377348217366245757665588875
888484766377366217366254875754588875
888484766377366217366258475754588875
888484766377382417366245757665588875
888484766377384217366245757665588875
888484766638388578577457643277261655
888484767754423675657281573673588866
888484767754423675657281576373588866
888484773487341266372665576675588875
888484773667312486637254576675588875
888484773667312666637254857754588875
888484773667312666637258457754588875
888484773667312846637254576675588875
888484773667314286637254576675588875
888484773748341266372665576675588875
888484773766312486637254576675588875
888484773766312846637254576675588875
888484773784341266372665576675588875
888484773847341266372665576675588875
888484776367312486637254576675588875
888484776367312666637254857754588875
888484776367312666637258457754588875
888484776367312846637254576675588875
888484776367314286637254576675588875
888484776556127436772545878858736663
888484776556127436772545878858763663
