888484776556127436772545878858766363
888484776556127436772545878858766633
888484776637312486637254576675588875
888484776637312666637254857754588875
888484776637312666637258457754588875
888484776637312846637254576675588875
888484776637314286637254576675588875
888484777348341276632665577665588875
888484777366312487663254577665588875
888484777366312667663254857754588875
888484777366312667663258457754588875
888484777366312847663254577665588875
888484777366314287663254577665588875
888484777384341276632665577665588875
888484777636312487663254577665588875
888484777636312667663254857754588875
888484777636312667663258457754588875
888484777636312847663254577665588875
888484777636314287663254577665588875
888484777663312487663254577665588875
888484777663312667663254857754588875
888484777663312667663258457754588875
888484777663312847663254577665588875
888484777663314287663254577665588875
888484777785488383453776565227666165
888484777785566682251883456547773663
888484777785566682251883456547776363
888484777785566683618833562254777654
888484777785566683618833564577722654
888484777785566683618833564577746522
888484777785566683618833565224777654
888484777785566683618833565477722654
888484777785566683618833565477746522
888484777785566684518832256547773663
888484777785566684518832256547776363
888484777785566684518834565227773663
888484777785566684518834565227776363
888484777785566685221883456547773663
888484777785566685221883456547776363
888484777785566685418832256547773663
888484777785566685418832256547776363
888484777785566685418834565227773663
888484777785566685418834565227776363
888484777785566686318833562254777654
888484777785566686318833564577722654
888484777785566686318833564577746522
888484777785566686318833565224777654
888484777785566686318833565477722654
888484777785566686318833565477746522
888484777785836683522837556541776664
888484777785848383453776565227666165
888484777785863683522837556541776664
888484777785866383522837556541776664
888484777785884383453776565227666165
888484783666358878575476742372761655
888484784377342173666625757665588875
888484786366358878575476742372761655
888484786636358878575476742372761655
888484786663358878575476742372761655
888484788855748575457666623271773663
888484788855748575457666623271776363
888484788855748575457666623271776633
888484788855766575548766423271776633
888484788855766575566766234827177343
888484788855766575566766238427177343
888484788855766575574866423271773663
888484788855766575574866423271776363
888484788855766575574866423271776633
888484788855766575576666234827177343
888484788855766575576666238427177343
888484788855766575578466243271773663
888484788855766575578466243271776363
888484788855766575578466243271776633
888484788855766575578466423271773663
888484788855766575578466423271776363
888484788855766575578466423271776633
888484788855766575584766423271776633
888484788855784575457666623271773663
888484788855784575457666623271776363
888484788855784575457666623271776633
888484836667358878554776742327761655
888484843777342136676625756675588875
888484847377342173666625757665588875
888484863667358878554776742327761655
888484866367358878554776742327761655
888484866637358878554776742327761655
888484877773488583453677655722616665
888484877773668583538225765514776664
888484877773848583453677655722616665
888484877773884583453677655722616665
888484877776368583538225765514776664
888484877776638583538225765514776664
888484877776665581225388465547776363
888484877776665581225388465547776633
888484877776665581363883652254777654
888484877776665581363883654577762254
888484877776665581363883654577764522
888484877776665581363883655224777654
888484877776665581363883655477762254
888484877776665581363883655477764522
