888484877776665581453886522547776363
888484877776665581453886522547776633
888484877776665581453886545227776363
888484877776665581453886545227776633
888484877776665581522388465547776363
888484877776665581522388465547776633
888484877776665581543886522547776363
888484877776665581543886522547776633
888484877776665581543886545227776363
888484877776665581543886545227776633
888484877776665581633883652254777654
888484877776665581633883654577762254
888484877776665581633883654577764522
888484877776665581633883655224777654
888484877776665581633883655477762254
888484877776665581633883655477764522
888484888573245767745675675281736663
888484888573245767745675675281763663
888484888575748575457666623217773663
888484888575748575457666623217776363
888484888575748575457666623217776633
888484888575766575548766423217773663
888484888575766575548766423217776363
888484888575766575548766423217776633
888484888575766575566766234821777343
888484888575766575566766238421777343
888484888575766575584766243217773663
888484888575766575584766243217776363
888484888575766575584766243217776633
888484888575766575584766423217773663
888484888575766575584766423217776363
888484888575766575584766423217776633
888484888575784575457666623217773663
888484888575784575457666623217776363
888484888575784575457666623217776633
888484888665736873577216655347772654
888484888665763873577216655347772654
888573245666637588814537774654288776
888573245767745675675281736483488866
888573245767745675675281736663488884
888573245767745675675281736663848884
888573245767745675675281736663884884
888573245767745675675281736663888484
888573245767745675675281736663888844
888573245767745675675281736843488866
888573245767745675675281763483488866
888573245767745675675281763663488884
888573245767745675675281763663848884
888573245767745675675281763663884884
888573245767745675675281763663888484
888573245767745675675281763663888844
888573245767745675675281763843488866
888573245888375666614537774654288776
888575346666715888534327774654288776
888575348887156666534327774654288776
888575436666413325888757774654288776
888575438884133257666657774654288776
888575748575457664823421777366388866
888575748575457666623217773663488884
888575748575457666623217773663848884
888575748575457666623217773663884884
888575748575457666623217773663888484
888575748575457666623217773663888844
888575748575457666623217774833488866
888575748575457666623217776363488884
888575748575457666623217776363848884
888575748575457666623217776363884884
888575748575457666623217776363888484
888575748575457666623217776363888844
888575748575457666623217776633488884
888575748575457666623217776633848884
888575748575457666623217776633884884
888575748575457666623217776633888484
888575748575457666623217776633888844
888575748575457666623217778433488866
888575748575457668423421777366388866
888575766575548766423217773663488884
888575766575548766423217773663848884
888575766575548766423217773663884884
888575766575548766423217773663888484
888575766575548766423217773663888844
888575766575548766423217774833488866
888575766575548766423217776363488884
888575766575548766423217776363848884
888575766575548766423217776363884884
888575766575548766423217776363888484
888575766575548766423217776363888844
888575766575548766423217776633488884
888575766575548766423217776633848884
888575766575548766423217776633884884
888575766575548766423217776633888484
888575766575548766423217776633888844
888575766575548766423217778433488866
888575766575566766234821777343488884
888575766575566766234821777343848884
888575766575566766234821777343884884
888575766575566766234821777343888484
888575766575566766234821777343888844
888575766575566766238421777343488884
888575766575566766238421777343848884
