888575766575566766238421777343884884
888575766575566766238421777343888484
888575766575566766238421777343888844
888575766575584766243217773663488884
888575766575584766243217773663848884
888575766575584766243217773663884884
888575766575584766243217773663888484
888575766575584766243217773663888844
888575766575584766243217774833488866
888575766575584766243217776363488884
888575766575584766243217776363848884
888575766575584766243217776363884884
888575766575584766243217776363888484
888575766575584766243217776363888844
888575766575584766243217776633488884
888575766575584766243217776633848884
888575766575584766243217776633884884
888575766575584766243217776633888484
888575766575584766243217776633888844
888575766575584766243217778433488866
888575766575584766423217773663488884
888575766575584766423217773663848884
888575766575584766423217773663884884
888575766575584766423217773663888484
888575766575584766423217773663888844
888575766575584766423217774833488866
888575766575584766423217776363488884
888575766575584766423217776363848884
888575766575584766423217776363884884
888575766575584766423217776363888484
888575766575584766423217776363888844
888575766575584766423217776633488884
888575766575584766423217776633848884
888575766575584766423217776633884884
888575766575584766423217776633888484
888575766575584766423217776633888844
888575766575584766423217778433488866
888575766665888343241357774654288776
888575784575457664823421777366388866
888575784575457666623217773663488884
888575784575457666623217773663848884
888575784575457666623217773663884884
888575784575457666623217773663888484
888575784575457666623217773663888844
888575784575457666623217774833488866
888575784575457666623217776363488884
888575784575457666623217776363848884
888575784575457666623217776363884884
888575784575457666623217776363888484
888575784575457666623217776363888844
888575784575457666623217776633488884
888575784575457666623217776633848884
888575784575457666623217776633884884
888575784575457666623217776633888484
888575784575457666623217776633888844
888575784575457666623217778433488866
888575784575457668423421777366388866
888575788853432666641357774654288776
888633664484468552231787687655587777
888633668844655223174487687655587777
888633668844655223178876764455587777
888633668844655223178876768555777744
888662288356634137778788546554777654
888662288356634137778788564554777654
888662288536634137778788546554777654
888662288536634137778788564554777654
888662288563634137778788546554777654
888662288563634137778788564554777654
888662288566334137778788546554777654
888662288566334137778788564554777654
888662288776773568341388546554777654
888662288776773568341388564554777654
888662288776775368341388546554777654
888662288776775368341388564554777654
888662288776775638341388546554777654
888662288776775638341388564554777654
888662554748373344616557528886687777
888662554748376441655733528886687777
888662554784373344616557528886687777
888662554784376441655733528886687777
888662555648373344176574528886687777
888662555648376441757433528886687777
888662555684373344176574528886687777
888662555684376441757433528886687777
888662556548373341476574528886687777
888662556548376414757433528886687777
888662556584373341476574528886687777
888662556584376414757433528886687777
888662557448358447777861556623388776
888662557448358447777861556626887733
888662557448373344661557528886687777
888662557448376446155733528886687777
888662557484358447777861556623388776
888662557484358447777861556626887733
888662557484373344661557528886687777
888662557484376446155733528886687777
888662557844358447777861556623388776
888662557844358447777861556626887733
888662557844373344661557528886687777
888662557844376446155733528886687777
