888662557883544744777861556623388776
888662557883544744777861556626887733
888662557883544787776155337768826644
888662557883544787776155446633288776
888662557883544787776155446662887733
888662557883544787776155664423388776
888662557883544787776155664426887733
888662557883544787776155677883326644
888662557883544787776155773368866244
888662557883544787776155776883366244
888662557883587777446155337768826644
888662557883587777446155446633288776
888662557883587777446155446662887733
888662557883587777446155664423388776
888662557883587777446155664426887733
888662557883587777446155677883326644
888662557883587777446155773368866244
888662557883587777446155776883366244
888662557883587777861556623344877644
888662557883587777861556623348477644
888662557883587777861556623384477644
888662557883587777861556626448774433
888662557883587777861556626484774433
888662557883587777861556626844774433
888662557883733661557524488664487777
888662557883733661557524488668777744
888662557883733661557528448664487777
888662557883733661557528484664487777
888662557883733661557528844664487777
888662557883733661557528886644777744
888662557883766155733524488664487777
888662557883766155733524488668777744
888662557883766155733528448664487777
888662557883766155733528484664487777
888662557883766155733528844664487777
888662557883766155733528886644777744
888664447833357547186877682672876555
888664447833357547188677686272876555
888664447854571333786877682672876555
888664447854571333788677686272876555
888664447854571367887337686272876555
888664447854571367887678627332876555
888664448333757541786876782672876555
888664448333757541788676786272876555
888664448547571333786876782672876555
888664448547571333788676786272876555
888664448547571367887336786272876555
888664448547571367887678627332876555
888664448733357547188676786272876555
888664448754571333788676786272876555
888664448754571367887336786272876555
888664836874372751665577746548883275
888664863874372751665577746548883275
888664867564221677556583488354387777
888664867564221677556583848354387777
888664867564221677556583884354387777
888664867744467558155832283665387777
888664867744467558155832286365387777
888664867744467558155832286635387777
888664877374312486637254576675588875
888664877374312846637254576675588875
888664877734312487663254577665588875
888664877734312667663254857754588875
888664877734312667663258457754588875
888664877734312847663254577665588875
888664877734314287663254577665588875
888664878364358878575476742372761655
888664878634358878575476742372761655
888664888845736873577216655347772654
888664888845763873577216655347772654
888665736873577216655347772654488884
888665736873577216655347772654848884
888665736873577216655347772654884884
888665736873577216655347772654888484
888665736873577216655347772654888844
888665744733344682578271687876876555
888665744733368877625184427876876555
888665744733386825727164487876876555
888665744733386825727168877644876555
888665744763887337625184427876876555
888665744763887672518334427876876555
888665744763887678867751244338726555
888665744763887678867751244687255533
888665744763887678867751332448726555
888665744763887678867751334248726555
888665744763887678867751334428726555
888665744763887678867751335587652442
888665744763887678867751335587654242
888665744763887678867751335587654422
888665744763887678867751424338726555
888665744763887678867751424687255533
888665744763887678867751442338726555
888665744763887678867751442687255533
888665744763887678867751553387652442
888665744763887678867751553387654242
888665744763887678867751553387654422
888665744763887678867751556875244332
888665744763887678867751556875424332
888665744763887678867751556875442332
888665744763887678867751624487255533
