888665744763887678867751642487255533
888665744763887678867751644287255533
888665744763887678867751655875244332
888665744763887678867751655875424332
888665744763887678867751655875442332
888665755863273185547468386624487777
888665763873577216655347772654488884
888665763873577216655347772654848884
888665763873577216655347772654884884
888665763873577216655347772654888484
888665763873577216655347772654888844
888665768738767262887733655587514444
888665768738767262887765558337514444
888665774433344682578271687876876555
888665774433368877625184427876876555
888665774433386825727164487876876555
888665774433386825727168877644876555
888665774463887337625184427876876555
888665774463887672518334427876876555
888665774463887678867751244338726555
888665774463887678867751244687255533
888665774463887678867751332448726555
888665774463887678867751334248726555
888665774463887678867751334428726555
888665774463887678867751335587652442
888665774463887678867751335587654242
888665774463887678867751335587654422
888665774463887678867751424338726555
888665774463887678867751424687255533
888665774463887678867751442338726555
888665774463887678867751442687255533
888665774463887678867751553387652442
888665774463887678867751553387654242
888665774463887678867751553387654422
888665774463887678867751556875244332
888665774463887678867751556875424332
888665774463887678867751556875442332
888665774463887678867751624487255533
888665774463887678867751642487255533
888665774463887678867751644287255533
888665774463887678867751655875244332
888665774463887678867751655875424332
888665774463887678867751655875442332
888665776443887672518334427876876555
888665776443887678867751244338726555
888665776443887678867751244687255533
888665776443887678867751332448726555
888665776443887678867751334248726555
888665776443887678867751334428726555
888665776443887678867751335587652442
888665776443887678867751335587654242
888665776443887678867751335587654422
888665776443887678867751424338726555
888665776443887678867751424687255533
888665776443887678867751442338726555
888665776443887678867751442687255533
888665776443887678867751553387652442
888665776443887678867751553387654242
888665776443887678867751553387654422
888665776443887678867751556875244332
888665776443887678867751556875424332
888665776443887678867751556875442332
888665776443887678867751624487255533
888665776443887678867751642487255533
888665776443887678867751644287255533
888665776443887678867751655875244332
888665776443887678867751655875424332
888665776443887678867751655875442332
888665776838767233244518447876876555
888665776838767233254414487867876555
888665776838767233258144876744876555
888665776838767233268877655587514444
888665776838767233285184477644876555
888665776838767262887733655587514444
888665776838767262887765558337514444
888665776838767442518334427876876555
888665776838767448867751244338726555
888665776838767448867751244687255533
888665776838767448867751332448726555
888665776838767448867751334248726555
888665776838767448867751334428726555
888665776838767448867751335587652442
888665776838767448867751335587654242
888665776838767448867751335587654422
888665776838767448867751424338726555
888665776838767448867751424687255533
888665776838767448867751442338726555
888665776838767448867751442687255533
888665776838767448867751553387652442
888665776838767448867751553387654242
888665776838767448867751553387654422
888665776838767448867751556875244332
888665776838767448867751556875424332
888665776838767448867751556875442332
888665776838767448867751624487255533
888665776838767448867751642487255533
888665776838767448867751644287255533
888665776838767448867751655875244332
888665776838767448867751655875424332
888665776838767448867751655875442332
