888665777732332764748445816557588866
888665777732332764784445816557588866
888665777732332765486451487754588866
888665777732332765486451847754588866
888665777732332765648441587574588866
888665777732332765684441587574588866
888665777732332765846451487754588866
888665777732332765846451847754588866
888665777732332766548414587574588866
888665777732332766584414587574588866
888665777732332767448445861557588866
888665777732332767484445861557588866
888665777732332767844445861557588866
888665777732332767885446155744588866
888665777732332767885446155785886644
888665777732332767885861557544886644
888665777732332767885861557548486644
888665777732332767885861557584486644
888665777732332767885861557588446644
888665777732627474833445816557588866
888665777732627478433445816557588866
888665777732627548633451487754588866
888665777732627548633451847754588866
888665777732627564833441587574588866
888665777732627568433441587574588866
888665777732627584633451487754588866
888665777732627584633451847754588866
888665777732627654833414587574588866
888665777732627658433414587574588866
888665777732627744833445861557588866
888665777732627748433445861557588866
888665777732627784433445861557588866
888665777732627788335446155744588866
888665777732627788335446155785886644
888665777732627788335861557544886644
888665777732627788335861557548486644
888665777732627788335861557584486644
888665777732627788335861557588446644
888665777734425448875816665533288776
888665777734425448875816665562887733
888665777734425788856155337768826644
888665777734425788856155446633288776
888665777734425788856155446662887733
888665777734425788856155664423388776
888665777734425788856155664426887733
888665777734425788856155677883326644
888665777734425788856155773368866244
888665777734425788856155776883366244
888665777734425888751633775568826644
888665777734425888751644665533288776
888665777734425888751644665562887733
888665777734425888751666445523388776
888665777734425888751666445526887733
888665777734425888751667755883326644
888665777734425888751677335568866244
888665777734425888751677655883366244
888665778333446257824471687876876555
888665778333446257828716784476876555
888665778333446257828716788767655544
888665778333687744625184427876876555
888665778333687786251442784476876555
888665778333687786251442788767655544
888665778333862572447164487876876555
888665778333862572447168877644876555
888665778333862572871644784476876555
888665778333862572871644788767655544
888665778333862572871687447644876555
888665778333862572871687876447655544
888665778638733744625184427876876555
888665778638733786251442784476876555
888665778638733786251442788767655544
888665778638767442518334427876876555
888665778638767448867751244338726555
888665778638767448867751244687255533
888665778638767448867751332448726555
888665778638767448867751334248726555
888665778638767448867751334428726555
888665778638767448867751335587652442
888665778638767448867751335587654242
888665778638767448867751335587654422
888665778638767448867751424338726555
888665778638767448867751424687255533
888665778638767448867751442338726555
888665778638767448867751442687255533
888665778638767448867751553387652442
888665778638767448867751553387654242
888665778638767448867751553387654422
888665778638767448867751556875244332
888665778638767448867751556875424332
888665778638767448867751556875442332
888665778638767448867751624487255533
888665778638767448867751642487255533
888665778638767448867751644287255533
888665778638767448867751655875244332
888665778638767448867751655875424332
888665778638767448867751655875442332
888665778638767622887765558337514444
888665778638767825133442784476876555
888665778638767825133442788767655544
888665778638767886774451244338726555
