888665778638767886774451244687255533
888665778638767886774451332448726555
888665778638767886774451334248726555
888665778638767886774451334428726555
888665778638767886774451335587652442
888665778638767886774451335587654242
888665778638767886774451335587654422
888665778638767886774451424338726555
888665778638767886774451424687255533
888665778638767886774451442338726555
888665778638767886774451442687255533
888665778638767886774451553387652442
888665778638767886774451553387654242
888665778638767886774451553387654422
888665778638767886774451556875244332
888665778638767886774451556875424332
888665778638767886774451556875442332
888665778638767886774451624487255533
888665778638767886774451642487255533
888665778638767886774451644287255533
888665778638767886774451655875244332
888665778638767886774451655875424332
888665778638767886774451655875442332
888665778638767886778512443372655544
888665778638767886778512446725554433
888665778638767886778513324472655544
888665778638767886778513342472655544
888665778638767886778513344272655544
888665778638767886778513355765442442
888665778638767886778513355765444242
888665778638767886778513355765444422
888665778638767886778514243372655544
888665778638767886778514246725554433
888665778638767886778514423372655544
888665778638767886778514426725554433
888665778638767886778515533765442442
888665778638767886778515533765444242
888665778638767886778515533765444422
888665778638767886778515567544244332
888665778638767886778515567544424332
888665778638767886778515567544442332
888665778638767886778516244725554433
888665778638767886778516424725554433
888665778638767886778516442725554433
888665778638767886778516557544244332
888665778638767886778516557544424332
888665778638767886778516557544442332
888665787333446257824471687876876555
888665787333446257828716784476876555
888665787333446257828716788767655544
888665787333687744625184427876876555
888665787333687786251442784476876555
888665787333687786251442788767655544
888665787333862572447164487876876555
888665787333862572447168877644876555
888665787333862572871644784476876555
888665787333862572871644788767655544
888665787333862572871687447644876555
888665787333862572871687876447655544
888665787638733744625184427876876555
888665787638733786251442784476876555
888665787638733786251442788767655544
888665787638767442518334427876876555
888665787638767448867751244338726555
888665787638767448867751244687255533
888665787638767448867751332448726555
888665787638767448867751334248726555
888665787638767448867751334428726555
888665787638767448867751335587652442
888665787638767448867751335587654242
888665787638767448867751335587654422
888665787638767448867751424338726555
888665787638767448867751424687255533
888665787638767448867751442338726555
888665787638767448867751442687255533
888665787638767448867751553387652442
888665787638767448867751553387654242
888665787638767448867751553387654422
888665787638767448867751556875244332
888665787638767448867751556875424332
888665787638767448867751556875442332
888665787638767448867751624487255533
888665787638767448867751642487255533
888665787638767448867751644287255533
888665787638767448867751655875244332
888665787638767448867751655875424332
888665787638767448867751655875442332
888665787638767825133442784476876555
888665787638767825133442788767655544
888665787638767886774451244338726555
888665787638767886774451244687255533
888665787638767886774451332448726555
888665787638767886774451334248726555
888665787638767886774451334428726555
888665787638767886774451335587652442
888665787638767886774451335587654242
888665787638767886774451335587654422
888665787638767886774451424338726555
888665787638767886774451424687255533
888665787638767886774451442338726555
