888665787638767886774451442687255533
888665787638767886774451553387652442
888665787638767886774451553387654242
888665787638767886774451553387654422
888665787638767886774451556875244332
888665787638767886774451556875424332
888665787638767886774451556875442332
888665787638767886774451624487255533
888665787638767886774451642487255533
888665787638767886774451644287255533
888665787638767886774451655875244332
888665787638767886774451655875424332
888665787638767886774451655875442332
888665787638767886778512443372655544
888665787638767886778512446725554433
888665787638767886778513324472655544
888665787638767886778513342472655544
888665787638767886778513344272655544
888665787638767886778513355765442442
888665787638767886778513355765444242
888665787638767886778513355765444422
888665787638767886778514243372655544
888665787638767886778514246725554433
888665787638767886778514423372655544
888665787638767886778514426725554433
888665787638767886778515533765442442
888665787638767886778515533765444242
888665787638767886778515533765444422
888665787638767886778515567544244332
888665787638767886778515567544424332
888665787638767886778515567544442332
888665787638767886778516244725554433
888665787638767886778516424725554433
888665787638767886778516442725554433
888665787638767886778516557544244332
888665787638767886778516557544424332
888665787638767886778516557544442332
888665788853436477543427726556188776
888665788853443677543427276556188776
888665788853446377543427276556188776
888665788853463477543427726556188776
888665788853467775427676554218873643
888665788853467775427676554218876343
888665788853476775427675652814873643
888665788853476775427675652814876343
888665788853476775427675652818473643
888665788853476775427675652818476343
888665788853476775427676552418873643
888665788853476775427676552418876343
888665788853478836434277675427766155
888665788853478863434277675427766155
888665788857364655343417272756488776
888665788857436655343417227756488776
888665788857463655343417227756488776
888665788857466355343417227756488776
888665788857634655343417272756488776
888665788857665573417276574882473643
888665788857665573417276574882476343
888665788857676553417267754428873643
888665788857676553417267754428876343
888665788857766553417267754248873643
888665788857766553417267754248876343
888666334484468552231787687655587777
888666338844655223174487687655587777
888666338844655223178876764455587777
888666338844655223178876768555777744
888666644844855223331787687655587777
888666677733481276632454857754588875
888666677733481276632458457754588875
888666677733841276632454857754588875
888666677733841276632458457754588875
888666684444552233831787687655587777
888666688443377665522551883754487777
888666688443377665522551883758777744
888666688443377665525717737442588875
888666688445522333174487687655587777
888666688445522333178876764455587777
888666688445522333178876768555777744
888666688446776553322551883754487777
888666688446776553322551883758777744
888666688446776553325717737442588875
888667544335565885223166448877687777
888667544655588522333166448877687777
888667544655588522631644833877687777
888667544655588522631644868773387777
888667548755448167335462777725388866
888667548755448167654277733725388866
888667548755448167654788672832773653
888667548755448167654788672832776353
888667548755448766547377663218838725
888667548755448766547737663128883725
888667548755484167335462777725388866
888667548755484167654277733725388866
888667548755484167654788672832773653
888667548755484167654788672832776353
888667548755484766547377663218838725
888667548755484766547737663128883725
888667564455588522631644833877687777
888667564455588522631644868773387777
888667566755484875447377663218838725
