888667566755484875447737663128883725
888667566755488475447377663218838725
888667566755488475447737663128883725
888667566755844875447377663218838725
888667566755844875447737663128883725
888667566755848475447377663218838725
888667566755848475447737663128883725
888667568555852263144644833877687777
888667568555852263144644868773387777
888667574855448766547377663218838725
888667574855448766547737663128883725
888667574855484766547377663218838725
888667574855484766547737663128883725
888667576655484875447377663218838725
888667576655484875447737663128883725
888667576655486675448737743218838725
888667576655486675448773743128883725
888667576655486675484377734218388725
888667576655486675484737743218838725
888667576655486675484773743128883725
888667576655488475447377663218838725
888667576655488475447737663128883725
888667576655844875447377663218838725
888667576655844875447737663128883725
888667576655846675448737743218838725
888667576655846675448773743128883725
888667576655846675484377734218388725
888667576655846675484737743218838725
888667576655846675484773743128883725
888667576655848475447377663218838725
888667576655848475447737663128883725
888667578455448766547377663218838725
888667578455448766547737663128883725
888667578455484766547377663218838725
888667578455484766547737663128883725
888667583355658522314466448877687777
888667583355658522318664487764487777
888667583355658522318664487768777744
888667584755448167335462777725388866
888667584755448167654277733725388866
888667584755448167654788672832773653
888667584755448167654788672832776353
888667584755448766547377663218838725
888667584755448766547737663128883725
888667584755484167335462777725388866
888667584755484167654277733725388866
888667584755484167654788672832773653
888667584755484167654788672832776353
888667584755484766547377663218838725
888667584755484766547737663128883725
888667586555852233314466448877687777
888667586555852233318664487764487777
888667586555852233318664487768777744
888667586555852263144644833877687777
888667586555852263144644868773387777
888667586555852263186443387764487777
888667586555852263186443387768777744
888667586555852263186446877443387777
888667586555852263186446877833777744
888667588853436477543427726556188776
888667588853443677543427276556188776
888667588853446377543427276556188776
888667588853463477543427726556188776
888667588853467775427676554218873643
888667588853467775427676554218876343
888667588853476775427675652814873643
888667588853476775427675652814876343
888667588853476775427675652818473643
888667588853476775427675652818476343
888667588853476775427676552418873643
888667588853476775427676552418876343
888668436874372751665577746548883275
888668463874372751665577746548883275
888668467564221677556583488354387777
888668467564221677556583848354387777
888668467564221677556583884354387777
888668467744467558155832283665387777
888668467744467558155832286365387777
888668467744467558155832286635387777
888668477374312486637254576675588875
888668477374312846637254576675588875
888668477734312487663254577665588875
888668477734312667663254857754588875
888668477734312667663258457754588875
888668477734312847663254577665588875
888668477734314287663254577665588875
888668478364358878575476742372761655
888668478634358878575476742372761655
888668488845736873577216655347772654
888668488845763873577216655347772654
888752354666637588841357774654288776
888752354888375666641357774654288776
888755346666314235888757774654288776
888755348883142357666657774654288776
888755436666175888543372774654288776
888755437863876784564276553462188776
888755438881756666543372774654288776
888755766665788445857367314243882776
888755766665788445857367314423882776
888755766665788445857367314638877242
