888755766665788445857367314638877422
888755766665788445857637314243882776
888755766665788445857637314423882776
888755766665788445857637314638877242
888755766665788445857637314638877422
888755766665788855734764314423828776
888755766665788855736744314243882776
888755766665788855736744314423882776
888755766665788855736744314638877242
888755766665788855736744314638877422
888755766665788855763744314243882776
888755766665788855763744314423882776
888755766665788855763744314638877242
888755766665788855763744314638877422
888755766665887445857736314243882776
888755766665887445857736314423882776
888755766665887445857736314638877242
888755766665887445857736314638877422
888755766665887445857763314243882776
888755766665887445857763314423882776
888755766665887445857763314638877242
888755766665887445857763314638877422
888755766665887855773644314243882776
888755766665887855773644314423882776
888755766665887855773644314638877242
888755766665887855773644314638877422
888755766665887855776344314243882776
888755766665887855776344314423882776
888755766665887855776344314638877242
888755766665887855776344314638877422
888755766665888432314537774654288776
888755788854323666614537774654288776
888822446777545645883683366615587777
888822446777545645886383366615587777
888842246777545645883683366615587777
888842246777545645886383366615587777
888844225777645468853638316665587777
888844225777645468856338316665587777
888844366687388578574577643272761655
888844366777348213667245756675588875
888844366777366213667254875754588875
888844366777366213667258475754588875
888844366777382413667245756675588875
888844366777384213667245756675588875
888844367776322568854543816665587777
888844367776345688522543816665587777
888844367776345688545382216665587777
888844367776352268854543816665587777
888844367776354688522543816665587777
888844367776354688545382216665587777
888844368766372751665577746548883275
888844457767432656577518273675388866
888844457767432656577518276375388866
888844457776225468853638316665587777
888844457776225468856338316665587777
888844457776456885223638316665587777
888844457776456885226338316665587777
888844483777342136676625756675588875
888844487377342173666625757665588875
888844522777645468853638316665587777
888844522777645468856338316665587777
888844547776225468853638316665587777
888844547776225468856338316665587777
888844547776456885223638316665587777
888844547776456885226338316665587777
888844588875775485457666632277173663
888844588875775485457666632277176363
888844588875775485457666632277176633
888844588875775665548766324277173663
888844588875775665548766324277176363
888844588875775665548766324277176633
888844588875775665548766342277173663
888844588875775665548766342277176363
888844588875775665548766342277176633
888844588875775665566766322487717343
888844588875775665566766322847717343
888844588875775665574866324277173663
888844588875775665576666322487717343
888844588875775665576666322847717343
888844588875775665578466324277173663
888844588875775665584766324277173663
888844588875775665584766324277176363
888844588875775665584766324277176633
888844588875775845457666632277173663
888844588875775845457666632277176363
888844588875775845457666632277176633
888844636687388578574577643272761655
888844636777348213667245756675588875
888844636777366213667254875754588875
888844636777366213667258475754588875
888844636777382413667245756675588875
888844636777384213667245756675588875
888844637776322568854543816665587777
888844637776345688522543816665587777
888844637776345688545382216665587777
888844637776352268854543816665587777
888844637776354688522543816665587777
888844637776354688545382216665587777
888844638766372751665577746548883275
888844655677721634277548588758736663
