888844655677721634277548588758763663
888844655677721634277548588758766363
888844655677721634277548588758766633
888844663687388578574577643272761655
888844663777348213667245756675588875
888844663777366213667254875754588875
888844663777366213667258475754588875
888844663777382413667245756675588875
888844663777384213667245756675588875
888844664776457618555388223665387777
888844664776457618555388226365387777
888844664776457618555388226635387777
888844666387388578574577643272761655
888844666576122577665538488354387777
888844666576122577665538848354387777
888844666576122577665538884354387777
888844667377348217366245757665588875
888844667377384217366245757665588875
888844667836357276156547776543888725
888844667863357276156547776543888725
888844668887578365372761556432777654
888844668887578635372761556432777654
888844675666221677556583488354387777
888844675666221677556583848354387777
888844675666221677556583884354387777
888844677466467558155832283665387777
888844677466467558155832286365387777
888844677466467558155832286635387777
888844677722545645883683366615587777
888844677722545645886383366615587777
888844677736362255884583466615587777
888844677736364558822583466615587777
888844677736364558845832266615587777
888844677736365225884583466615587777
888844677736365458822583466615587777
888844677736365458845832266615587777
888844677745225645883683366615587777
888844677745225645886383366615587777
888844677745456588223683366615587777
888844677745456588226383366615587777
888844677752245645883683366615587777
888844677752245645886383366615587777
888844677754225645883683366615587777
888844677754225645886383366615587777
888844677754456588223683366615587777
888844677754456588226383366615587777
888844677763362255884583466615587777
888844677763364558822583466615587777
888844677763364558845832266615587777
888844677763365225884583466615587777
888844677763365458822583466615587777
888844677763365458845832266615587777
888844736668388578577457643277261655
888844736677348217366245757665588875
888844736677366217366254875754588875
888844736677366217366258475754588875
888844736677382417366245757665588875
888844736677384217366245757665588875
888844748377342173666625757665588875
888844758882354776745676575182766363
888844758882354776745676575182766633
888844758885775485457666632277713663
888844758885775485457666632277716363
888844758885775485457666632277716633
888844758885775665574866324277713663
888844758885775665574866324277716363
888844758885775665574866324277716633
888844758885775665574866342277713663
888844758885775665574866342277716363
888844758885775665574866342277716633
888844758885775665576666322487771343
888844758885775665576666322847771343
888844758885775665578466324277713663
888844758885775665578466324277716363
888844758885775665578466324277716633
888844758885775845457666632277713663
888844758885775845457666632277716363
888844758885775845457666632277716633
888844763668388578577457643277261655
888844763677348217366245757665588875
888844763677366217366254875754588875
888844763677366217366258475754588875
888844763677382417366245757665588875
888844763677384217366245757665588875
888844765567127436727545888758736663
888844765567127436727545888758763663
888844765567127436727545888758766363
888844765567127436727545888758766633
888844765567721634727548578858736663
888844765567721634727548578858763663
888844765567721634727548578858766363
888844765567721634727548578858766633
888844766368388578577457643277261655
888844766377348217366245757665588875
888844766377366217366254875754588875
888844766377366217366258475754588875
888844766377382417366245757665588875
888844766377384217366245757665588875
888844766638388578577457643277261655
888844767754423675657281573673588866
