888844767754423675657281576373588866
888844773487341266372665576675588875
888844773667312486637254576675588875
888844773667312666637254857754588875
888844773667312666637258457754588875
888844773667312846637254576675588875
888844773667314286637254576675588875
888844773748341266372665576675588875
888844773766312486637254576675588875
888844773766312846637254576675588875
888844773784341266372665576675588875
888844773847341266372665576675588875
888844776367312486637254576675588875
888844776367312666637254857754588875
888844776367312666637258457754588875
888844776367312846637254576675588875
888844776367314286637254576675588875
888844776556127436772545878858736663
888844776556127436772545878858763663
888844776556127436772545878858766363
888844776556127436772545878858766633
888844776637312486637254576675588875
888844776637312666637254857754588875
888844776637312666637258457754588875
888844776637312846637254576675588875
888844776637314286637254576675588875
888844777348341276632665577665588875
888844777366312487663254577665588875
888844777366312667663254857754588875
888844777366312667663258457754588875
888844777366312847663254577665588875
888844777366314287663254577665588875
888844777384341276632665577665588875
888844777636312487663254577665588875
888844777636312667663254857754588875
888844777636312667663258457754588875
888844777636312847663254577665588875
888844777636314287663254577665588875
888844777663312487663254577665588875
888844777663312667663254857754588875
888844777663312667663258457754588875
888844777663312847663254577665588875
888844777663314287663254577665588875
888844777785488383453776565227666165
888844777785566682251883456547773663
888844777785566682251883456547776363
888844777785566683618833562254777654
888844777785566683618833564577722654
888844777785566683618833564577746522
888844777785566683618833565224777654
888844777785566683618833565477722654
888844777785566683618833565477746522
888844777785566684518832256547773663
888844777785566684518832256547776363
888844777785566684518834565227773663
888844777785566684518834565227776363
888844777785566685221883456547773663
888844777785566685221883456547776363
888844777785566685418832256547773663
888844777785566685418832256547776363
888844777785566685418834565227773663
888844777785566685418834565227776363
888844777785566686318833562254777654
888844777785566686318833564577722654
888844777785566686318833564577746522
888844777785566686318833565224777654
888844777785566686318833565477722654
888844777785566686318833565477746522
888844777785836683522837556541776664
888844777785848383453776565227666165
888844777785863683522837556541776664
888844777785866383522837556541776664
888844777785884383453776565227666165
888844783666358878575476742372761655
888844784377342173666625757665588875
888844786366358878575476742372761655
888844786636358878575476742372761655
888844786663358878575476742372761655
888844788855748575457666623271773663
888844788855748575457666623271776363
888844788855748575457666623271776633
888844788855766575548766423271776633
888844788855766575566766234827177343
888844788855766575566766238427177343
888844788855766575574866423271773663
888844788855766575574866423271776363
888844788855766575574866423271776633
888844788855766575576666234827177343
888844788855766575576666238427177343
888844788855766575578466243271773663
888844788855766575578466243271776363
888844788855766575578466243271776633
888844788855766575578466423271773663
888844788855766575578466423271776363
888844788855766575578466423271776633
888844788855766575584766423271776633
888844788855784575457666623271773663
888844788855784575457666623271776363
888844788855784575457666623271776633
888844836667358878554776742327761655
