888844843777342136676625756675588875
888844847377342173666625757665588875
888844863667358878554776742327761655
888844866367358878554776742327761655
888844866637358878554776742327761655
888844877773488583453677655722616665
888844877773668583538225765514776664
888844877773848583453677655722616665
888844877773884583453677655722616665
888844877776368583538225765514776664
888844877776638583538225765514776664
888844877776665581225388465547776363
888844877776665581225388465547776633
888844877776665581363883652254777654
888844877776665581363883654577762254
888844877776665581363883654577764522
888844877776665581363883655224777654
888844877776665581363883655477762254
888844877776665581363883655477764522
888844877776665581453886522547776363
888844877776665581453886522547776633
888844877776665581453886545227776363
888844877776665581453886545227776633
888844877776665581522388465547776363
888844877776665581522388465547776633
888844877776665581543886522547776363
888844877776665581543886522547776633
888844877776665581543886545227776363
888844877776665581543886545227776633
888844877776665581633883652254777654
888844877776665581633883654577762254
888844877776665581633883654577764522
888844877776665581633883655224777654
888844877776665581633883655477762254
888844877776665581633883655477764522
888844888573245767745675675281736663
888844888573245767745675675281763663
888844888575748575457666623217773663
888844888575748575457666623217776363
888844888575748575457666623217776633
888844888575766575548766423217773663
888844888575766575548766423217776363
888844888575766575548766423217776633
888844888575766575566766234821777343
888844888575766575566766238421777343
888844888575766575584766243217773663
888844888575766575584766243217776363
888844888575766575584766243217776633
888844888575766575584766423217773663
888844888575766575584766423217776363
888844888575766575584766423217776633
888844888575784575457666623217773663
888844888575784575457666623217776363
888844888575784575457666623217776633
888844888665736873577216655347772654
888844888665763873577216655347772654
